# Author : T. Tanabe
# EPU70LH
# Undulator Length [m]
1.82
# Number of Horizontal Points
61
# Number of Vertical Points
31
# Horizontal Kick [micro-rad]
START
                -3.00000e-02  -2.90000e-02  -2.80000e-02  -2.70000e-02  -2.60000e-02  -2.50000e-02  -2.40000e-02  -2.30000e-02  -2.20000e-02  -2.10000e-02  -2.00000e-02  -1.90000e-02  -1.80000e-02  -1.70000e-02  -1.60000e-02  -1.50000e-02  -1.40000e-02  -1.30000e-02  -1.20000e-02  -1.10000e-02  -1.00000e-02  -9.00000e-03  -8.00000e-03  -7.00000e-03  -6.00000e-03  -5.00000e-03  -4.00000e-03  -3.00000e-03  -2.00000e-03  -1.00000e-03   0.00000e+00   1.00000e-03   2.00000e-03   3.00000e-03   4.00000e-03   5.00000e-03   6.00000e-03   7.00000e-03   8.00000e-03   9.00000e-03   1.00000e-02   1.10000e-02   1.20000e-02   1.30000e-02   1.40000e-02   1.50000e-02   1.60000e-02   1.70000e-02   1.80000e-02   1.90000e-02   2.00000e-02   2.10000e-02   2.20000e-02   2.30000e-02   2.40000e-02   2.50000e-02   2.60000e-02   2.70000e-02   2.80000e-02   2.90000e-02   3.00000e-02
   7.50000e-03   1.00708e+01   2.21186e+02   1.29649e+02   6.99027e+01   3.66892e+01   1.86476e+01   8.45663e+00   1.87529e+00  -1.63770e+00  -3.37941e+00  -4.07063e+00  -4.19852e+00  -3.99631e+00  -3.59747e+00  -3.07637e+00  -2.48347e+00  -1.87117e+00  -1.35293e+00  -1.23041e+00  -1.29278e+00  -1.04311e+00  -7.05791e-01  -5.03252e-01  -5.94290e-01  -1.27403e+00  -3.05748e+00  -6.82196e+00  -1.51053e+01  -3.22771e+01  -4.99839e+01  -1.77502e-07   4.99824e+01   3.22779e+01   1.51045e+01   6.82197e+00   3.05824e+00   1.27402e+00   5.92778e-01   5.02495e-01   7.06549e-01   1.04235e+00   1.29278e+00   1.23041e+00   1.35293e+00   1.87041e+00   2.48497e+00   3.07637e+00   3.59672e+00   3.99705e+00   4.19852e+00   4.07062e+00   3.37867e+00   1.63770e+00  -1.87529e+00  -8.45588e+00  -1.86483e+01  -3.66877e+01  -6.99035e+01  -1.29649e+02  -2.21187e+02  -1.00708e+01
   7.00000e-03  -2.11954e+00   2.61255e+02   1.27131e+02   6.07747e+01   2.96625e+01   1.38970e+01   5.32984e+00  -8.00472e-01  -3.94862e+00  -5.08061e+00  -5.34926e+00  -5.18348e+00  -4.76298e+00  -4.18592e+00  -3.51538e+00  -2.78020e+00  -1.99525e+00  -1.24691e+00  -1.18046e+00  -1.54424e+00  -1.09090e+00  -5.38107e-01  -1.27051e-01   4.69033e-02  -3.18674e-01  -1.85546e+00  -5.18295e+00  -1.38969e+01  -3.91511e+01  -9.26658e+01   2.36346e-07   9.26666e+01   3.91511e+01   1.38977e+01   5.18218e+00   1.85469e+00   3.18675e-01  -4.69054e-02   1.27052e-01   5.37342e-01   1.08936e+00   1.54501e+00   1.17969e+00   1.24768e+00   1.99372e+00   2.78020e+00   3.51538e+00   4.18592e+00   4.76223e+00   5.18349e+00   5.35003e+00   5.07986e+00   3.94936e+00   8.01227e-01  -5.32907e+00  -1.38977e+01  -2.96617e+01  -6.07748e+01  -1.27132e+02  -2.61254e+02   2.11954e+00
   6.50000e-03  -3.30044e+01   3.46193e+02   1.12809e+02   4.56742e+01   1.98169e+01   7.67301e+00   1.72640e+00  -4.26304e+00  -6.80321e+00  -7.01374e+00  -6.77187e+00  -6.26680e+00  -5.59613e+00  -4.82665e+00  -3.99474e+00  -3.10447e+00  -2.13126e+00  -1.00117e+00  -8.56122e-01  -2.08291e+00  -1.14477e+00  -3.31866e-01   3.13369e-01   8.15489e-01   1.00099e+00  -3.12244e-01  -2.35962e+00  -9.15003e+00  -3.68012e+01  -1.75280e+02   1.38042e-06   1.75279e+02   3.68020e+01   9.15003e+00   2.35962e+00   3.13024e-01  -1.00100e+00  -8.16265e-01  -3.13366e-01   3.31090e-01   1.14320e+00   2.08212e+00   8.55345e-01   1.00272e+00   2.13048e+00   3.10447e+00   3.99474e+00   4.82665e+00   5.59613e+00   6.26680e+00   6.77187e+00   7.01373e+00   6.80398e+00   4.26302e+00  -1.72641e+00  -7.67301e+00  -1.98161e+01  -4.56734e+01  -1.12809e+02  -3.46195e+02   3.30045e+01
   6.00000e-03  -1.84648e+02   4.21964e+02   7.31565e+01   2.42764e+01   7.48055e+00   5.89010e-02  -2.32743e+00  -1.13933e+01  -1.01676e+01  -9.22926e+00  -8.42248e+00  -7.53375e+00  -6.57886e+00  -5.58674e+00  -4.56772e+00  -3.51314e+00  -2.34964e+00  -7.61601e-01   2.11566e+00  -2.98806e+00  -1.15989e+00  -7.73294e-02   8.12565e-01   1.67717e+00   2.93678e+00   1.15889e+00   1.54066e+00  -5.22984e-01  -1.42118e+01  -2.13845e+02   5.30137e-06   2.13845e+02   1.42118e+01   5.21390e-01  -1.54146e+00  -1.15969e+00  -2.93598e+00  -1.67717e+00  -8.11761e-01   7.81319e-02   1.15989e+00   2.98886e+00  -2.11566e+00   7.61601e-01   2.34964e+00   3.51234e+00   4.56613e+00   5.58674e+00   6.57887e+00   7.53296e+00   8.42168e+00   9.23081e+00   1.01676e+01   1.13918e+01   2.32743e+00  -5.96365e-02  -7.47904e+00  -2.42763e+01  -7.31565e+01  -4.21964e+02   1.84648e+02
   5.50000e-03  -3.74822e+02  -2.82879e+01   4.17551e+00  -4.64493e+00  -8.76781e+00  -1.03228e+01  -9.44304e+00  -1.72805e+01  -1.41542e+01  -1.22567e+01  -1.07855e+01  -9.40294e+00  -8.06070e+00  -6.75577e+00  -5.47968e+00  -4.19998e+00  -2.83238e+00  -1.03767e+00   1.67605e+00  -3.21874e+00  -1.07564e+00   2.48648e-01   1.41947e+00   2.65842e+00   4.42343e+00   3.57554e+00   6.45872e+00   1.09187e+01   2.51953e+01   1.83747e+02   2.22300e-09  -1.83747e+02  -2.51953e+01  -1.09187e+01  -6.45872e+00  -3.57554e+00  -4.42343e+00  -2.65842e+00  -1.41948e+00  -2.48648e-01   1.07564e+00   3.21874e+00  -1.67605e+00   1.03767e+00   2.83238e+00   4.19998e+00   5.47968e+00   6.75577e+00   8.06070e+00   9.40294e+00   1.07855e+01   1.22567e+01   1.41542e+01   1.72805e+01   9.44304e+00   1.03236e+01   8.76781e+00   4.64493e+00  -4.17557e+00   2.82879e+01   3.74822e+02
   5.00000e-03  -2.46793e+02  -1.65120e+02  -4.74631e+01  -2.71823e+01  -2.12204e+01  -1.81505e+01  -1.57123e+01  -1.65271e+01  -1.57747e+01  -1.36775e+01  -1.18301e+01  -1.01545e+01  -8.60239e+00  -7.14489e+00  -5.76311e+00  -4.41887e+00  -3.05361e+00  -1.58997e+00  -1.29330e+00  -2.17051e+00  -7.41020e-01   5.78378e-01   1.86280e+00   3.26832e+00   4.84022e+00   6.24177e+00   1.02731e+01   1.93590e+01   4.87658e+01   1.81133e+02  -2.21302e-07  -1.81133e+02  -4.87658e+01  -1.93590e+01  -1.02731e+01  -6.24260e+00  -4.83855e+00  -3.26832e+00  -1.86280e+00  -5.78378e-01   7.41020e-01   2.17051e+00   1.29330e+00   1.58997e+00   3.05361e+00   4.41887e+00   5.76311e+00   7.14571e+00   8.60239e+00   1.01545e+01   1.18301e+01   1.36775e+01   1.57747e+01   1.65271e+01   1.57123e+01   1.81505e+01   2.12204e+01   2.71823e+01   4.74638e+01   1.65120e+02   2.46793e+02
   4.50000e-03  -1.66222e+02  -1.44137e+02  -7.28990e+01  -4.38144e+01  -3.17225e+01  -2.52426e+01  -2.11483e+01  -1.92536e+01  -1.74512e+01  -1.50872e+01  -1.28993e+01  -1.09457e+01  -9.18243e+00  -7.57516e+00  -6.08645e+00  -4.68089e+00  -3.32829e+00  -2.09475e+00  -1.61586e+00  -1.47641e+00  -3.83772e-01   9.07078e-01   2.27454e+00   3.81064e+00   5.60536e+00   8.04116e+00   1.29234e+01   2.35476e+01   5.03988e+01   1.00581e+02  -4.75698e-08  -1.00581e+02  -5.03988e+01  -2.35476e+01  -1.29234e+01  -8.04116e+00  -5.60536e+00  -3.81064e+00  -2.27454e+00  -9.07078e-01   3.83772e-01   1.47641e+00   1.61586e+00   2.09475e+00   3.32829e+00   4.68089e+00   6.08645e+00   7.57516e+00   9.18243e+00   1.09457e+01   1.28993e+01   1.50872e+01   1.74512e+01   1.92536e+01   2.11483e+01   2.52426e+01   3.17218e+01   4.38144e+01   7.28983e+01   1.44137e+02   1.66222e+02
   4.00000e-03  -1.25366e+02  -1.19500e+02  -8.05563e+01  -5.41216e+01  -3.97309e+01  -3.11656e+01  -2.56014e+01  -2.20284e+01  -1.91761e+01  -1.64081e+01  -1.38978e+01  -1.16889e+01  -9.73414e+00  -7.98514e+00  -6.39899e+00  -4.93791e+00  -3.58910e+00  -2.42769e+00  -1.69945e+00  -1.10213e+00  -6.82898e-02   1.21095e+00   2.63596e+00   4.27515e+00   6.28504e+00   9.16183e+00   1.42238e+01   2.39014e+01   4.18973e+01   5.55915e+01  -2.59436e-08  -5.55915e+01  -4.18973e+01  -2.39014e+01  -1.42238e+01  -9.16183e+00  -6.28504e+00  -4.27515e+00  -2.63596e+00  -1.21095e+00   6.74844e-02   1.10293e+00   1.69945e+00   2.42769e+00   3.58910e+00   4.93791e+00   6.39899e+00   7.98514e+00   9.73415e+00   1.16889e+01   1.38978e+01   1.64073e+01   1.91769e+01   2.20284e+01   2.56006e+01   3.11656e+01   3.97309e+01   5.41216e+01   8.05563e+01   1.19500e+02   1.25366e+02
   3.50000e-03  -1.02103e+02  -1.01798e+02  -8.02747e+01  -5.95404e+01  -4.53447e+01  -3.58275e+01  -2.92167e+01  -2.45187e+01  -2.08309e+01  -1.76177e+01  -1.48059e+01  -1.23650e+01  -1.02386e+01  -8.36287e+00  -6.68866e+00  -5.17491e+00  -3.81216e+00  -2.63959e+00  -1.72965e+00  -8.85304e-01   1.87818e-01   1.47396e+00   2.94066e+00   4.64867e+00   6.76789e+00   9.73168e+00   1.44069e+01   2.19882e+01   3.21372e+01   3.26102e+01  -2.42565e-08  -3.26102e+01  -3.21372e+01  -2.19882e+01  -1.44069e+01  -9.73089e+00  -6.76947e+00  -4.64867e+00  -2.94066e+00  -1.47396e+00  -1.87818e-01   8.85304e-01   1.72965e+00   2.63959e+00   3.81137e+00   5.17491e+00   6.68866e+00   8.36287e+00   1.02386e+01   1.23650e+01   1.48059e+01   1.76177e+01   2.08309e+01   2.45186e+01   2.92167e+01   3.58275e+01   4.53447e+01   5.95404e+01   8.02747e+01   1.01798e+02   1.02103e+02
   3.00000e-03  -8.75656e+01  -8.94674e+01  -7.72792e+01  -6.18334e+01  -4.90028e+01  -3.93240e+01  -3.20961e+01  -2.66386e+01  -2.23195e+01  -1.87013e+01  -1.56120e+01  -1.29663e+01  -1.06839e+01  -8.69785e+00  -6.94601e+00  -5.38471e+00  -3.99294e+00  -2.78052e+00  -1.74266e+00  -7.46393e-01   3.84665e-01   1.69284e+00   3.18678e+00   4.92616e+00   7.05839e+00   9.88253e+00   1.38637e+01   1.92363e+01   2.41640e+01   2.04532e+01  -1.31927e-08  -2.04532e+01  -2.41640e+01  -1.92363e+01  -1.38637e+01  -9.88253e+00  -7.05839e+00  -4.92616e+00  -3.18522e+00  -1.69284e+00  -3.84665e-01   7.46393e-01   1.74188e+00   2.78052e+00   3.99294e+00   5.38471e+00   6.94601e+00   8.69785e+00   1.06839e+01   1.29663e+01   1.56120e+01   1.87013e+01   2.23195e+01   2.66386e+01   3.20961e+01   3.93240e+01   4.90028e+01   6.18333e+01   7.72792e+01   8.94674e+01   8.75659e+01
   2.50000e-03  -7.79439e+01  -8.07971e+01  -7.37804e+01  -6.23858e+01  -5.12235e+01  -4.18367e+01  -3.43231e+01  -2.83792e+01  -2.35955e+01  -1.96374e+01  -1.63071e+01  -1.34842e+01  -1.10706e+01  -8.98738e+00  -7.16834e+00  -5.56191e+00  -4.13575e+00  -2.87719e+00  -1.75067e+00  -6.53042e-01   5.33332e-01   1.86509e+00   3.37486e+00   5.11434e+00   7.18978e+00   9.76295e+00   1.29721e+01   1.64975e+01   1.83533e+01   1.36871e+01  -3.41788e-09  -1.36871e+01  -1.83533e+01  -1.64975e+01  -1.29721e+01  -9.76219e+00  -7.18978e+00  -5.11434e+00  -3.37486e+00  -1.86509e+00  -5.33332e-01   6.53042e-01   1.75067e+00   2.87719e+00   4.13498e+00   5.56191e+00   7.16834e+00   8.98738e+00   1.10706e+01   1.34842e+01   1.63071e+01   1.96374e+01   2.35955e+01   2.83778e+01   3.43231e+01   4.18367e+01   5.12235e+01   6.23858e+01   7.37804e+01   8.07971e+01   7.79439e+01
   2.00000e-03  -7.13939e+01  -7.46780e+01  -7.06262e+01  -6.21006e+01  -5.24776e+01  -4.35753e+01  -3.59916e+01  -2.97494e+01  -2.46390e+01  -2.04139e+01  -1.68850e+01  -1.39138e+01  -1.13918e+01  -9.22957e+00  -7.35308e+00  -5.70511e+00  -4.24748e+00  -2.94550e+00  -1.75316e+00  -5.87957e-01   6.42378e-01   1.99714e+00   3.51183e+00   5.23271e+00   7.21256e+00   9.49769e+00   1.20048e+01   1.41679e+01   1.43238e+01   9.75530e+00   0.00000e+00  -9.75530e+00  -1.43238e+01  -1.41679e+01  -1.20048e+01  -9.49769e+00  -7.21256e+00  -5.23271e+00  -3.51107e+00  -1.99714e+00  -6.41613e-01   5.87957e-01   1.75316e+00   2.94550e+00   4.24748e+00   5.70511e+00   7.35308e+00   9.22957e+00   1.13926e+01   1.39130e+01   1.68850e+01   2.04139e+01   2.46390e+01   2.97501e+01   3.59916e+01   4.35753e+01   5.24776e+01   6.21000e+01   7.06262e+01   7.46783e+01   7.13939e+01
   1.50000e-03  -6.69452e+01  -7.04274e+01  -6.81074e+01  -6.15195e+01  -5.31281e+01  -4.47252e+01  -3.71863e+01  -3.07756e+01  -2.54426e+01  -2.10207e+01  -1.73367e+01  -1.42513e+01  -1.16455e+01  -9.42070e+00  -7.49661e+00  -5.81709e+00  -4.33061e+00  -2.99433e+00  -1.75565e+00  -5.43945e-01   7.21130e-01   2.09170e+00   3.60692e+00   5.29780e+00   7.17651e+00   9.19769e+00   1.11401e+01   1.23754e+01   1.16271e+01   7.41959e+00   2.40356e-09  -7.41959e+00  -1.16271e+01  -1.23754e+01  -1.11401e+01  -9.19769e+00  -7.17651e+00  -5.29780e+00  -3.60692e+00  -2.09170e+00  -7.21130e-01   5.43946e-01   1.75565e+00   2.99433e+00   4.33061e+00   5.81709e+00   7.49586e+00   9.42070e+00   1.16455e+01   1.42513e+01   1.73367e+01   2.10207e+01   2.54426e+01   3.07756e+01   3.71863e+01   4.47252e+01   5.31281e+01   6.15201e+01   6.81074e+01   7.04274e+01   6.69452e+01
   1.00000e-03  -6.40576e+01  -6.76292e+01  -6.63066e+01  -6.09482e+01  -5.34321e+01  -4.54390e+01  -3.79822e+01  -3.14855e+01  -2.60134e+01  -2.14547e+01  -1.76632e+01  -1.44964e+01  -1.18274e+01  -9.55510e+00  -7.60097e+00  -5.89644e+00  -4.38868e+00  -3.02675e+00  -1.75822e+00  -5.13526e-01   7.71488e-01   2.15402e+00   3.66707e+00   5.32882e+00   7.12092e+00   8.93383e+00   1.04781e+01   1.11291e+01   9.92176e+00   6.05200e+00   2.30184e-09  -6.05200e+00  -9.92176e+00  -1.11291e+01  -1.04781e+01  -8.93383e+00  -7.12092e+00  -5.32882e+00  -3.66707e+00  -2.15402e+00  -7.71488e-01   5.13526e-01   1.75822e+00   3.02675e+00   4.38868e+00   5.89644e+00   7.60097e+00   9.55510e+00   1.18274e+01   1.44964e+01   1.76632e+01   2.14547e+01   2.60134e+01   3.14862e+01   3.79822e+01   4.54390e+01   5.34321e+01   6.09482e+01   6.63063e+01   6.76292e+01   6.40576e+01
   5.00000e-04  -6.24275e+01  -6.60365e+01  -6.52315e+01  -6.05530e+01  -5.35530e+01  -4.58255e+01  -3.84350e+01  -3.19015e+01  -2.63501e+01  -2.17163e+01  -1.78604e+01  -1.46426e+01  -1.19364e+01  -9.63840e+00  -7.66312e+00  -5.94433e+00  -4.42184e+00  -3.04480e+00  -1.75868e+00  -4.96322e-01   8.03249e-01   2.19032e+00   3.70083e+00   5.34250e+00   7.07547e+00   8.75812e+00   1.00654e+01   1.03990e+01   8.98146e+00   5.33184e+00   1.49895e-09  -5.33184e+00  -8.98146e+00  -1.03990e+01  -1.00654e+01  -8.75812e+00  -7.07547e+00  -5.34100e+00  -3.70158e+00  -2.19032e+00  -8.03249e-01   4.96322e-01   1.75868e+00   3.04480e+00   4.42184e+00   5.94433e+00   7.66312e+00   9.63840e+00   1.19364e+01   1.46426e+01   1.78604e+01   2.17163e+01   2.63501e+01   3.19015e+01   3.84350e+01   4.58248e+01   5.35530e+01   6.05530e+01   6.52315e+01   6.60365e+01   6.24275e+01
   0.00000e+00  -6.19004e+01  -6.55187e+01  -6.48750e+01  -6.04127e+01  -5.35848e+01  -4.59452e+01  -3.85827e+01  -3.20388e+01  -2.64621e+01  -2.18022e+01  -1.79257e+01  -1.46912e+01  -1.19723e+01  -9.66579e+00  -7.68473e+00  -5.95922e+00  -4.43358e+00  -3.05179e+00  -1.75933e+00  -4.91361e-01   8.11536e-01   2.20111e+00   3.71028e+00   5.34527e+00   7.05661e+00   8.69846e+00   9.92633e+00   1.01590e+01   8.68177e+00   5.10652e+00   0.00000e+00  -5.10652e+00  -8.68177e+00  -1.01590e+01  -9.92633e+00  -8.69846e+00  -7.05661e+00  -5.34527e+00  -3.71028e+00  -2.20111e+00  -8.11535e-01   4.91361e-01   1.75933e+00   3.05179e+00   4.43358e+00   5.95922e+00   7.68473e+00   9.66579e+00   1.19723e+01   1.46912e+01   1.79257e+01   2.18022e+01   2.64621e+01   3.20388e+01   3.85827e+01   4.59452e+01   5.35848e+01   6.04127e+01   6.48750e+01   6.55187e+01   6.19004e+01
  -5.00000e-04  -6.24275e+01  -6.60365e+01  -6.52315e+01  -6.05530e+01  -5.35530e+01  -4.58255e+01  -3.84350e+01  -3.19015e+01  -2.63501e+01  -2.17163e+01  -1.78604e+01  -1.46426e+01  -1.19364e+01  -9.63840e+00  -7.66312e+00  -5.94433e+00  -4.42184e+00  -3.04480e+00  -1.75868e+00  -4.96322e-01   8.03249e-01   2.19032e+00   3.70083e+00   5.34250e+00   7.07547e+00   8.75812e+00   1.00654e+01   1.03990e+01   8.98146e+00   5.33184e+00  -2.28222e-09  -5.33184e+00  -8.98146e+00  -1.03990e+01  -1.00654e+01  -8.75812e+00  -7.07547e+00  -5.34100e+00  -3.70158e+00  -2.19032e+00  -8.03249e-01   4.96322e-01   1.75868e+00   3.04480e+00   4.42184e+00   5.94433e+00   7.66312e+00   9.63840e+00   1.19364e+01   1.46426e+01   1.78604e+01   2.17163e+01   2.63501e+01   3.19015e+01   3.84350e+01   4.58248e+01   5.35530e+01   6.05530e+01   6.52315e+01   6.60365e+01   6.24275e+01
  -1.00000e-03  -6.40576e+01  -6.76292e+01  -6.63066e+01  -6.09482e+01  -5.34321e+01  -4.54390e+01  -3.79822e+01  -3.14855e+01  -2.60134e+01  -2.14547e+01  -1.76632e+01  -1.44964e+01  -1.18274e+01  -9.55510e+00  -7.60097e+00  -5.89644e+00  -4.38868e+00  -3.02675e+00  -1.75822e+00  -5.13526e-01   7.71488e-01   2.15402e+00   3.66707e+00   5.32882e+00   7.12092e+00   8.93383e+00   1.04781e+01   1.11291e+01   9.92176e+00   6.05200e+00  -5.43852e-09  -6.05200e+00  -9.92176e+00  -1.11291e+01  -1.04781e+01  -8.93383e+00  -7.12092e+00  -5.32882e+00  -3.66707e+00  -2.15402e+00  -7.71488e-01   5.13526e-01   1.75822e+00   3.02675e+00   4.38868e+00   5.89644e+00   7.60097e+00   9.55510e+00   1.18274e+01   1.44964e+01   1.76632e+01   2.14547e+01   2.60134e+01   3.14862e+01   3.79822e+01   4.54390e+01   5.34321e+01   6.09482e+01   6.63063e+01   6.76292e+01   6.40576e+01
  -1.50000e-03  -6.69452e+01  -7.04274e+01  -6.81074e+01  -6.15201e+01  -5.31281e+01  -4.47252e+01  -3.71863e+01  -3.07756e+01  -2.54426e+01  -2.10207e+01  -1.73367e+01  -1.42513e+01  -1.16455e+01  -9.42070e+00  -7.49586e+00  -5.81709e+00  -4.33061e+00  -2.99433e+00  -1.75565e+00  -5.43946e-01   7.21130e-01   2.09170e+00   3.60692e+00   5.29780e+00   7.17651e+00   9.19769e+00   1.11401e+01   1.23754e+01   1.16271e+01   7.41959e+00  -1.00204e-08  -7.41959e+00  -1.16271e+01  -1.23754e+01  -1.11401e+01  -9.19769e+00  -7.17651e+00  -5.29780e+00  -3.60692e+00  -2.09170e+00  -7.21130e-01   5.43946e-01   1.75565e+00   2.99433e+00   4.33061e+00   5.81709e+00   7.49586e+00   9.42070e+00   1.16455e+01   1.42513e+01   1.73367e+01   2.10207e+01   2.54426e+01   3.07756e+01   3.71863e+01   4.47252e+01   5.31281e+01   6.15201e+01   6.81074e+01   7.04274e+01   6.69452e+01
  -2.00000e-03  -7.13939e+01  -7.46783e+01  -7.06262e+01  -6.21006e+01  -5.24776e+01  -4.35753e+01  -3.59916e+01  -2.97501e+01  -2.46390e+01  -2.04139e+01  -1.68850e+01  -1.39138e+01  -1.13918e+01  -9.22957e+00  -7.35308e+00  -5.70511e+00  -4.24748e+00  -2.94550e+00  -1.75316e+00  -5.87957e-01   6.41613e-01   1.99714e+00   3.51183e+00   5.23271e+00   7.21256e+00   9.49769e+00   1.20048e+01   1.41679e+01   1.43238e+01   9.75530e+00  -1.52853e-08  -9.75530e+00  -1.43238e+01  -1.41679e+01  -1.20048e+01  -9.49769e+00  -7.21256e+00  -5.23271e+00  -3.51107e+00  -1.99714e+00  -6.41613e-01   5.87957e-01   1.75316e+00   2.94550e+00   4.24748e+00   5.70511e+00   7.35308e+00   9.22957e+00   1.13926e+01   1.39130e+01   1.68850e+01   2.04139e+01   2.46390e+01   2.97501e+01   3.59916e+01   4.35753e+01   5.24776e+01   6.21006e+01   7.06262e+01   7.46783e+01   7.13939e+01
  -2.50000e-03  -7.79439e+01  -8.07971e+01  -7.37804e+01  -6.23858e+01  -5.12235e+01  -4.18367e+01  -3.43231e+01  -2.83792e+01  -2.35955e+01  -1.96374e+01  -1.63071e+01  -1.34842e+01  -1.10706e+01  -8.98738e+00  -7.16834e+00  -5.56191e+00  -4.13575e+00  -2.87719e+00  -1.75067e+00  -6.53042e-01   5.33332e-01   1.86587e+00   3.37486e+00   5.11434e+00   7.18978e+00   9.76295e+00   1.29721e+01   1.64975e+01   1.83533e+01   1.36871e+01  -2.42107e-08  -1.36871e+01  -1.83533e+01  -1.64975e+01  -1.29721e+01  -9.76295e+00  -7.18978e+00  -5.11434e+00  -3.37486e+00  -1.86509e+00  -5.33333e-01   6.53042e-01   1.75067e+00   2.87719e+00   4.13575e+00   5.56191e+00   7.16834e+00   8.98738e+00   1.10706e+01   1.34842e+01   1.63071e+01   1.96374e+01   2.35955e+01   2.83771e+01   3.43231e+01   4.18367e+01   5.12235e+01   6.23858e+01   7.37804e+01   8.07971e+01   7.79439e+01
  -3.00000e-03  -8.75659e+01  -8.94675e+01  -7.72792e+01  -6.18334e+01  -4.90028e+01  -3.93240e+01  -3.20961e+01  -2.66386e+01  -2.23195e+01  -1.87013e+01  -1.56120e+01  -1.29663e+01  -1.06839e+01  -8.69785e+00  -6.94601e+00  -5.38471e+00  -3.99294e+00  -2.78052e+00  -1.74266e+00  -7.46393e-01   3.84665e-01   1.69284e+00   3.18678e+00   4.92616e+00   7.05839e+00   9.88253e+00   1.38637e+01   1.92363e+01   2.41648e+01   2.04532e+01  -3.30743e-08  -2.04532e+01  -2.41640e+01  -1.92363e+01  -1.38637e+01  -9.88253e+00  -7.05839e+00  -4.92616e+00  -3.18678e+00  -1.69284e+00  -3.83884e-01   7.46393e-01   1.74188e+00   2.78052e+00   3.99294e+00   5.38471e+00   6.94601e+00   8.69785e+00   1.06839e+01   1.29663e+01   1.56120e+01   1.87013e+01   2.23195e+01   2.66386e+01   3.20961e+01   3.93240e+01   4.90028e+01   6.18334e+01   7.72792e+01   8.94674e+01   8.75659e+01
  -3.50000e-03  -1.02103e+02  -1.01798e+02  -8.02747e+01  -5.95404e+01  -4.53447e+01  -3.58282e+01  -2.92167e+01  -2.45186e+01  -2.08309e+01  -1.76185e+01  -1.48059e+01  -1.23650e+01  -1.02386e+01  -8.36287e+00  -6.68866e+00  -5.17491e+00  -3.81216e+00  -2.63959e+00  -1.72965e+00  -8.85304e-01   1.87818e-01   1.47396e+00   2.94066e+00   4.64867e+00   6.76789e+00   9.73168e+00   1.44069e+01   2.19882e+01   3.21372e+01   3.26102e+01  -5.49563e-08  -3.26102e+01  -3.21372e+01  -2.19882e+01  -1.44069e+01  -9.73168e+00  -6.76789e+00  -4.64867e+00  -2.94066e+00  -1.47396e+00  -1.87818e-01   8.85304e-01   1.72965e+00   2.63959e+00   3.81137e+00   5.17491e+00   6.68866e+00   8.36287e+00   1.02386e+01   1.23650e+01   1.48059e+01   1.76177e+01   2.08309e+01   2.45186e+01   2.92167e+01   3.58275e+01   4.53447e+01   5.95404e+01   8.02747e+01   1.01798e+02   1.02103e+02
  -4.00000e-03  -1.25366e+02  -1.19500e+02  -8.05563e+01  -5.41216e+01  -3.97309e+01  -3.11656e+01  -2.56014e+01  -2.20284e+01  -1.91761e+01  -1.64081e+01  -1.38978e+01  -1.16889e+01  -9.73414e+00  -7.98514e+00  -6.39899e+00  -4.93791e+00  -3.58910e+00  -2.42769e+00  -1.69945e+00  -1.10213e+00  -6.74850e-02   1.21095e+00   2.63596e+00   4.27515e+00   6.28504e+00   9.16183e+00   1.42238e+01   2.39014e+01   4.18973e+01   5.55915e+01  -9.73194e-08  -5.55915e+01  -4.18973e+01  -2.39014e+01  -1.42238e+01  -9.16183e+00  -6.28504e+00  -4.27515e+00  -2.63596e+00  -1.21095e+00   6.82892e-02   1.10213e+00   1.69945e+00   2.42769e+00   3.58910e+00   4.93791e+00   6.39899e+00   7.98514e+00   9.73414e+00   1.16889e+01   1.38978e+01   1.64081e+01   1.91769e+01   2.20284e+01   2.56014e+01   3.11656e+01   3.97309e+01   5.41216e+01   8.05569e+01   1.19500e+02   1.25366e+02
  -4.50000e-03  -1.66222e+02  -1.44137e+02  -7.28983e+01  -4.38144e+01  -3.17225e+01  -2.52426e+01  -2.11483e+01  -1.92544e+01  -1.74512e+01  -1.50872e+01  -1.28993e+01  -1.09457e+01  -9.18243e+00  -7.57678e+00  -6.08645e+00  -4.68089e+00  -3.32829e+00  -2.09475e+00  -1.61586e+00  -1.47641e+00  -3.83771e-01   9.07077e-01   2.27454e+00   3.81064e+00   5.60536e+00   8.04116e+00   1.29234e+01   2.35476e+01   5.03988e+01   1.00581e+02  -5.31682e-08  -1.00581e+02  -5.03988e+01  -2.35476e+01  -1.29234e+01  -8.04116e+00  -5.60536e+00  -3.81064e+00  -2.27454e+00  -9.07077e-01   3.83771e-01   1.47641e+00   1.61586e+00   2.09475e+00   3.32829e+00   4.68089e+00   6.08645e+00   7.57516e+00   9.18243e+00   1.09457e+01   1.28993e+01   1.50872e+01   1.74512e+01   1.92536e+01   2.11483e+01   2.52426e+01   3.17218e+01   4.38144e+01   7.28983e+01   1.44137e+02   1.66222e+02
  -5.00000e-03  -2.46793e+02  -1.65120e+02  -4.74630e+01  -2.71824e+01  -2.12204e+01  -1.81504e+01  -1.57123e+01  -1.65271e+01  -1.57747e+01  -1.36775e+01  -1.18301e+01  -1.01545e+01  -8.60239e+00  -7.14571e+00  -5.76311e+00  -4.41887e+00  -3.05361e+00  -1.58997e+00  -1.29330e+00  -2.17051e+00  -7.41020e-01   5.78378e-01   1.86280e+00   3.26832e+00   4.84022e+00   6.24260e+00   1.02731e+01   1.93573e+01   4.87658e+01   1.81133e+02   4.56530e-07  -1.81133e+02  -4.87658e+01  -1.93590e+01  -1.02731e+01  -6.24260e+00  -4.84022e+00  -3.26832e+00  -1.86280e+00  -5.78378e-01   7.41020e-01   2.17052e+00   1.29330e+00   1.58997e+00   3.05361e+00   4.41887e+00   5.76311e+00   7.14571e+00   8.60239e+00   1.01545e+01   1.18301e+01   1.36775e+01   1.57747e+01   1.65271e+01   1.57123e+01   1.81505e+01   2.12204e+01   2.71823e+01   4.74638e+01   1.65120e+02   2.46793e+02
  -5.50000e-03  -3.74822e+02  -2.82881e+01   4.17552e+00  -4.64493e+00  -8.76780e+00  -1.03228e+01  -9.44304e+00  -1.72796e+01  -1.41542e+01  -1.22567e+01  -1.07864e+01  -9.40294e+00  -8.06070e+00  -6.75577e+00  -5.47968e+00  -4.19998e+00  -2.83238e+00  -1.03767e+00   1.67605e+00  -3.21874e+00  -1.07564e+00   2.48647e-01   1.41861e+00   2.65842e+00   4.42343e+00   3.57554e+00   6.45872e+00   1.09196e+01   2.51953e+01   1.83747e+02   4.78120e-06  -1.83747e+02  -2.51953e+01  -1.09196e+01  -6.45872e+00  -3.57554e+00  -4.42343e+00  -2.65842e+00  -1.41947e+00  -2.48648e-01   1.07564e+00   3.21874e+00  -1.67691e+00   1.03767e+00   2.83238e+00   4.19998e+00   5.47968e+00   6.75577e+00   8.06070e+00   9.40295e+00   1.07864e+01   1.22567e+01   1.41542e+01   1.72805e+01   9.44304e+00   1.03237e+01   8.76781e+00   4.64493e+00  -4.17557e+00   2.82881e+01   3.74822e+02
  -6.00000e-03  -1.84648e+02   4.21964e+02   7.31565e+01   2.42764e+01   7.48055e+00   5.89011e-02  -2.32742e+00  -1.13933e+01  -1.01676e+01  -9.22925e+00  -8.42247e+00  -7.53454e+00  -6.57887e+00  -5.58674e+00  -4.56773e+00  -3.51234e+00  -2.34884e+00  -7.61602e-01   2.11566e+00  -2.98886e+00  -1.15989e+00  -7.81340e-02   8.11761e-01   1.67717e+00   2.93598e+00   1.15889e+00   1.54146e+00  -5.21385e-01  -1.42126e+01  -2.13845e+02   1.33181e-05   2.13845e+02   1.42126e+01   5.21387e-01  -1.54146e+00  -1.15889e+00  -2.93598e+00  -1.67717e+00  -8.12565e-01   7.81332e-02   1.15989e+00   2.98886e+00  -2.11486e+00   7.61600e-01   2.34964e+00   3.51234e+00   4.56613e+00   5.58674e+00   6.57887e+00   7.53296e+00   8.42169e+00   9.23081e+00   1.01676e+01   1.13918e+01   2.32742e+00  -5.96365e-02  -7.47904e+00  -2.42756e+01  -7.31565e+01  -4.21964e+02   1.84648e+02
  -6.50000e-03  -3.30045e+01   3.46194e+02   1.12809e+02   4.56743e+01   1.98169e+01   7.67301e+00   1.72640e+00  -4.26304e+00  -6.80322e+00  -7.01374e+00  -6.77187e+00  -6.26680e+00  -5.59613e+00  -4.82665e+00  -3.99474e+00  -3.10447e+00  -2.13048e+00  -1.00272e+00  -8.55342e-01  -2.08212e+00  -1.14242e+00  -3.31087e-01   3.13368e-01   8.16267e-01   1.00099e+00  -3.13025e-01  -2.35962e+00  -9.15081e+00  -3.68020e+01  -1.75279e+02   4.19709e-06   1.75279e+02   3.68020e+01   9.15003e+00   2.35962e+00   3.13023e-01  -1.00100e+00  -8.16265e-01  -3.12586e-01   3.31083e-01   1.14320e+00   2.08213e+00   8.55345e-01   1.00272e+00   2.13048e+00   3.10447e+00   3.99474e+00   4.82665e+00   5.59613e+00   6.26680e+00   6.77187e+00   7.01374e+00   6.80397e+00   4.26304e+00  -1.72640e+00  -7.67301e+00  -1.98161e+01  -4.56734e+01  -1.12809e+02  -3.46195e+02   3.30045e+01
  -7.00000e-03  -2.11954e+00   2.61255e+02   1.27131e+02   6.07740e+01   2.96625e+01   1.38970e+01   5.32982e+00  -8.00484e-01  -3.94861e+00  -5.08061e+00  -5.35002e+00  -5.18348e+00  -4.76299e+00  -4.18668e+00  -3.51538e+00  -2.78021e+00  -1.99372e+00  -1.24768e+00  -1.17969e+00  -1.54501e+00  -1.08936e+00  -5.37342e-01  -1.26280e-01   4.61382e-02  -3.18674e-01  -1.85469e+00  -5.18295e+00  -1.38977e+01  -3.91511e+01  -9.26666e+01   2.18523e-06   9.26666e+01   3.91511e+01   1.38977e+01   5.18295e+00   1.85469e+00   3.18675e-01  -4.61353e-02   1.26280e-01   5.37342e-01   1.08936e+00   1.54501e+00   1.17969e+00   1.24768e+00   1.99372e+00   2.78021e+00   3.51538e+00   4.18592e+00   4.76223e+00   5.18348e+00   5.35002e+00   5.07986e+00   3.94936e+00   8.01225e-01  -5.32909e+00  -1.38978e+01  -2.96617e+01  -6.07748e+01  -1.27132e+02  -2.61254e+02   2.11954e+00
  -7.50000e-03   1.00708e+01   2.21186e+02   1.29649e+02   6.99027e+01   3.66891e+01   1.86475e+01   8.45662e+00   1.87528e+00  -1.63769e+00  -3.37942e+00  -4.07063e+00  -4.19852e+00  -3.99706e+00  -3.59747e+00  -3.07637e+00  -2.48496e+00  -1.87041e+00  -1.35368e+00  -1.22966e+00  -1.29278e+00  -1.04235e+00  -7.06550e-01  -5.01736e-01  -5.92773e-01  -1.27402e+00  -3.05825e+00  -6.82197e+00  -1.51045e+01  -3.22779e+01  -4.99824e+01   1.65264e-06   4.99824e+01   3.22779e+01   1.51045e+01   6.82197e+00   3.05824e+00   1.27402e+00   5.92773e-01   5.02490e-01   7.06549e-01   1.04235e+00   1.29278e+00   1.23041e+00   1.35368e+00   1.87041e+00   2.48496e+00   3.07637e+00   3.59672e+00   3.99706e+00   4.19852e+00   4.07063e+00   3.37941e+00   1.63769e+00  -1.87529e+00  -8.45588e+00  -1.86476e+01  -3.66877e+01  -6.99035e+01  -1.29649e+02  -2.21187e+02  -1.00708e+01
# Vertical Kick [micro-rad]
START
                -3.00000e-02  -2.90000e-02  -2.80000e-02  -2.70000e-02  -2.60000e-02  -2.50000e-02  -2.40000e-02  -2.30000e-02  -2.20000e-02  -2.10000e-02  -2.00000e-02  -1.90000e-02  -1.80000e-02  -1.70000e-02  -1.60000e-02  -1.50000e-02  -1.40000e-02  -1.30000e-02  -1.20000e-02  -1.10000e-02  -1.00000e-02  -9.00000e-03  -8.00000e-03  -7.00000e-03  -6.00000e-03  -5.00000e-03  -4.00000e-03  -3.00000e-03  -2.00000e-03  -1.00000e-03   0.00000e+00   1.00000e-03   2.00000e-03   3.00000e-03   4.00000e-03   5.00000e-03   6.00000e-03   7.00000e-03   8.00000e-03   9.00000e-03   1.00000e-02   1.10000e-02   1.20000e-02   1.30000e-02   1.40000e-02   1.50000e-02   1.60000e-02   1.70000e-02   1.80000e-02   1.90000e-02   2.00000e-02   2.10000e-02   2.20000e-02   2.30000e-02   2.40000e-02   2.50000e-02   2.60000e-02   2.70000e-02   2.80000e-02   2.90000e-02   3.00000e-02
   7.50000e-03   4.82039e+01   2.56049e+00  -1.99221e+01  -1.06392e+01   1.81058e+00   1.12826e+01   1.79108e+01   2.29037e+01   2.73754e+01   3.09914e+01   3.37489e+01   3.58786e+01   3.75398e+01   3.88336e+01   3.98234e+01   4.05318e+01   4.09505e+01   4.10298e+01   4.09105e+01   4.11444e+01   4.13845e+01   4.12729e+01   4.07861e+01   3.98874e+01   3.85080e+01   3.67273e+01   3.46137e+01   3.31838e+01   3.94296e+01   7.65335e+01   2.60470e+01   7.65327e+01   3.94296e+01   3.31838e+01   3.46122e+01   3.67273e+01   3.85088e+01   3.98889e+01   4.07861e+01   4.12729e+01   4.13853e+01   4.11444e+01   4.09105e+01   4.10298e+01   4.09513e+01   4.05318e+01   3.98227e+01   3.88336e+01   3.75398e+01   3.58779e+01   3.37481e+01   3.09899e+01   2.73746e+01   2.29036e+01   1.79101e+01   1.12818e+01   1.81057e+00  -1.06401e+01  -1.99213e+01   2.56120e+00   4.82039e+01
   7.00000e-03   7.76299e+01  -8.43991e+00  -4.59775e+01  -2.36684e+01  -3.11107e+00   1.07075e+01   1.95090e+01   2.55354e+01   3.13620e+01   3.57102e+01   3.88474e+01   4.12121e+01   4.30316e+01   4.44365e+01   4.55029e+01   4.62657e+01   4.67087e+01   4.66841e+01   4.61792e+01   4.66316e+01   4.70591e+01   4.69161e+01   4.63245e+01   4.52264e+01   4.33992e+01   4.09152e+01   3.73556e+01   3.21027e+01   3.02759e+01   8.15601e+01   4.70486e+01   8.15610e+01   3.02774e+01   3.21019e+01   3.73556e+01   4.09152e+01   4.34000e+01   4.52256e+01   4.63245e+01   4.69161e+01   4.70583e+01   4.66324e+01   4.61784e+01   4.66833e+01   4.67087e+01   4.62664e+01   4.55029e+01   4.44365e+01   4.30324e+01   4.12129e+01   3.88459e+01   3.57094e+01   3.13620e+01   2.55368e+01   1.95082e+01   1.07075e+01  -3.11108e+00  -2.36684e+01  -4.59774e+01  -8.43741e+00   7.76300e+01
   6.50000e-03   1.40077e+02  -4.88530e+01  -6.73554e+01  -2.21369e+01   6.70142e+00   2.43887e+01   3.50436e+01   4.10340e+01   4.90627e+01   5.40692e+01   5.75680e+01   6.01894e+01   6.22001e+01   6.37473e+01   6.49241e+01   6.57798e+01   6.63032e+01   6.62635e+01   6.47066e+01   6.59861e+01   6.66373e+01   6.64321e+01   6.57425e+01   6.44875e+01   6.21871e+01   5.90510e+01   5.42288e+01   4.44668e+01   2.58319e+01   5.49568e+01   1.16359e+02   5.49560e+01   2.58334e+01   4.44668e+01   5.42288e+01   5.90510e+01   6.21871e+01   6.44883e+01   6.57418e+01   6.64313e+01   6.66374e+01   6.59846e+01   6.47074e+01   6.62643e+01   6.63040e+01   6.57798e+01   6.49256e+01   6.37489e+01   6.22001e+01   6.01902e+01   5.75664e+01   5.40692e+01   4.90650e+01   4.10355e+01   3.50436e+01   2.43879e+01   6.70142e+00  -2.21369e+01  -6.73561e+01  -4.88530e+01   1.40077e+02
   6.00000e-03   2.35267e+02  -1.53228e+02   3.88352e+01   1.12154e+02   1.48876e+02   1.70626e+02   1.84233e+02   1.86602e+02   2.01179e+02   2.07351e+02   2.11908e+02   2.15439e+02   2.18210e+02   2.20389e+02   2.22080e+02   2.23354e+02   2.24234e+02   2.24588e+02   2.19682e+02   2.24418e+02   2.24976e+02   2.24668e+02   2.23847e+02   2.22398e+02   2.19713e+02   2.15817e+02   2.09828e+02   1.96200e+02   1.58416e+02  -1.46417e+01   4.08239e+02  -1.46417e+01   1.58416e+02   1.96198e+02   2.09828e+02   2.15817e+02   2.19712e+02   2.22399e+02   2.23847e+02   2.24669e+02   2.24976e+02   2.24418e+02   2.19683e+02   2.24588e+02   2.24234e+02   2.23353e+02   2.22079e+02   2.20388e+02   2.18211e+02   2.15438e+02   2.11908e+02   2.07350e+02   2.01180e+02   1.86602e+02   1.84233e+02   1.70628e+02   1.48876e+02   1.12154e+02   3.88345e+01  -1.53227e+02   2.35267e+02
   5.50000e-03   5.70016e+01  -7.18481e+02  -3.99441e+02  -3.21630e+02  -2.86028e+02  -2.65866e+02  -2.52662e+02  -2.37438e+02  -2.39711e+02  -2.36780e+02  -2.34645e+02  -2.33175e+02  -2.32174e+02  -2.31495e+02  -2.31033e+02  -2.30709e+02  -2.30442e+02  -2.30001e+02  -2.24190e+02  -2.29825e+02  -2.30753e+02  -2.31352e+02  -2.32105e+02  -2.33167e+02  -2.34362e+02  -2.37803e+02  -2.44120e+02  -2.57146e+02  -2.95358e+02  -4.95887e+02   5.86053e+02  -4.95887e+02  -2.95358e+02  -2.57146e+02  -2.44120e+02  -2.37804e+02  -2.34362e+02  -2.33167e+02  -2.32105e+02  -2.31352e+02  -2.30751e+02  -2.29825e+02  -2.24189e+02  -2.30001e+02  -2.30442e+02  -2.30709e+02  -2.31033e+02  -2.31495e+02  -2.32173e+02  -2.33175e+02  -2.34645e+02  -2.36780e+02  -2.39711e+02  -2.37438e+02  -2.52662e+02  -2.65866e+02  -2.86028e+02  -3.21630e+02  -3.99441e+02  -7.18481e+02   5.70016e+01
   5.00000e-03  -6.48409e+01  -3.26821e+02  -2.46038e+02  -1.90313e+02  -1.59842e+02  -1.41107e+02  -1.27996e+02  -1.18068e+02  -1.14992e+02  -1.11830e+02  -1.09307e+02  -1.07434e+02  -1.06065e+02  -1.05063e+02  -1.04323e+02  -1.03757e+02  -1.03259e+02  -1.02519e+02  -1.00601e+02  -1.02193e+02  -1.03298e+02  -1.03956e+02  -1.04709e+02  -1.05719e+02  -1.06973e+02  -1.09870e+02  -1.15144e+02  -1.24426e+02  -1.42538e+02  -1.19850e+02   2.34661e+02  -1.19850e+02  -1.42538e+02  -1.24426e+02  -1.15144e+02  -1.09870e+02  -1.06973e+02  -1.05719e+02  -1.04709e+02  -1.03956e+02  -1.03298e+02  -1.02193e+02  -1.00601e+02  -1.02519e+02  -1.03259e+02  -1.03757e+02  -1.04323e+02  -1.05063e+02  -1.06065e+02  -1.07434e+02  -1.09307e+02  -1.11830e+02  -1.14992e+02  -1.18069e+02  -1.27996e+02  -1.41107e+02  -1.59842e+02  -1.90313e+02  -2.46038e+02  -3.26821e+02  -6.48409e+01
   4.50000e-03  -7.05467e+01  -1.83119e+02  -1.81319e+02  -1.51612e+02  -1.29183e+02  -1.13584e+02  -1.02249e+02  -9.42674e+01  -9.00390e+01  -8.69590e+01  -8.45598e+01  -8.27603e+01  -8.14278e+01  -8.04420e+01  -7.97030e+01  -7.91275e+01  -7.86068e+01  -7.79420e+01  -7.71607e+01  -7.77525e+01  -7.85946e+01  -7.92367e+01  -7.99315e+01  -8.08193e+01  -8.20248e+01  -8.42007e+01  -8.76047e+01  -9.18717e+01  -9.16191e+01  -3.71024e+01   8.22833e+01  -3.71024e+01  -9.16191e+01  -9.18717e+01  -8.76047e+01  -8.42007e+01  -8.20240e+01  -8.08193e+01  -7.99315e+01  -7.92367e+01  -7.85946e+01  -7.77525e+01  -7.71607e+01  -7.79420e+01  -7.86068e+01  -7.91275e+01  -7.97030e+01  -8.04420e+01  -8.14278e+01  -8.27603e+01  -8.45606e+01  -8.69590e+01  -9.00390e+01  -9.42681e+01  -1.02249e+02  -1.13584e+02  -1.29183e+02  -1.51612e+02  -1.81319e+02  -1.83120e+02  -7.05467e+01
   4.00000e-03  -6.05784e+01  -1.20336e+02  -1.35529e+02  -1.23477e+02  -1.08829e+02  -9.67972e+01  -8.75161e+01  -8.08253e+01  -7.65978e+01  -7.36595e+01  -7.14478e+01  -6.97912e+01  -6.85594e+01  -6.76420e+01  -6.69508e+01  -6.64070e+01  -6.59234e+01  -6.54121e+01  -6.50299e+01  -6.53189e+01  -6.59048e+01  -6.64683e+01  -6.70812e+01  -6.78288e+01  -6.88143e+01  -7.02420e+01  -7.18644e+01  -7.20186e+01  -6.31618e+01  -2.17209e+01   2.54067e+01  -2.17209e+01  -6.31618e+01  -7.20186e+01  -7.18652e+01  -7.02420e+01  -6.88143e+01  -6.78272e+01  -6.70804e+01  -6.64683e+01  -6.59048e+01  -6.53189e+01  -6.50299e+01  -6.54121e+01  -6.59234e+01  -6.64070e+01  -6.69508e+01  -6.76420e+01  -6.85594e+01  -6.97912e+01  -7.14478e+01  -7.36595e+01  -7.65978e+01  -8.08253e+01  -8.75161e+01  -9.67979e+01  -1.08829e+02  -1.23477e+02  -1.35529e+02  -1.20336e+02  -6.05789e+01
   3.50000e-03  -4.99084e+01  -8.59704e+01  -1.02324e+02  -9.96649e+01  -9.10711e+01  -8.23615e+01  -7.50483e+01  -6.95035e+01  -6.56728e+01  -6.29758e+01  -6.09823e+01  -5.94929e+01  -5.83862e+01  -5.75592e+01  -5.69331e+01  -5.64414e+01  -5.60201e+01  -5.56388e+01  -5.54228e+01  -5.55903e+01  -5.60030e+01  -5.64668e+01  -5.69808e+01  -5.75772e+01  -5.82860e+01  -5.90503e+01  -5.92946e+01  -5.69975e+01  -4.63763e+01  -1.94439e+01   1.89512e+00  -1.94439e+01  -4.63763e+01  -5.69975e+01  -5.92946e+01  -5.90503e+01  -5.82860e+01  -5.75772e+01  -5.69800e+01  -5.64668e+01  -5.60030e+01  -5.55903e+01  -5.54228e+01  -5.56388e+01  -5.60201e+01  -5.64414e+01  -5.69331e+01  -5.75592e+01  -5.83862e+01  -5.94929e+01  -6.09823e+01  -6.29758e+01  -6.56728e+01  -6.95035e+01  -7.50483e+01  -8.23615e+01  -9.10711e+01  -9.96649e+01  -1.02324e+02  -8.59703e+01  -4.99084e+01
   3.00000e-03  -4.03969e+01  -6.38648e+01  -7.77337e+01  -7.93196e+01  -7.48372e+01  -6.88596e+01  -6.32968e+01  -5.88190e+01  -5.55293e+01  -5.31545e+01  -5.14064e+01  -5.01016e+01  -4.91337e+01  -4.84055e+01  -4.78576e+01  -4.74283e+01  -4.70755e+01  -4.67910e+01  -4.66553e+01  -4.67650e+01  -4.70588e+01  -4.74258e+01  -4.78366e+01  -4.82868e+01  -4.87346e+01  -4.89848e+01  -4.83508e+01  -4.50480e+01  -3.56207e+01  -1.86693e+01  -7.92174e+00  -1.86693e+01  -3.56214e+01  -4.50480e+01  -4.83508e+01  -4.89848e+01  -4.87346e+01  -4.82868e+01  -4.78366e+01  -4.74258e+01  -4.70588e+01  -4.67650e+01  -4.66553e+01  -4.67910e+01  -4.70755e+01  -4.74283e+01  -4.78568e+01  -4.84055e+01  -4.91337e+01  -5.01016e+01  -5.14064e+01  -5.31545e+01  -5.55286e+01  -5.88190e+01  -6.32968e+01  -6.88596e+01  -7.48372e+01  -7.93196e+01  -7.77337e+01  -6.38648e+01  -4.03969e+01
   2.50000e-03  -3.20613e+01  -4.79669e+01  -5.88518e+01  -6.19427e+01  -5.99749e+01  -5.60679e+01  -5.19781e+01  -4.84747e+01  -4.57727e+01  -4.37694e+01  -4.22875e+01  -4.11847e+01  -4.03604e+01  -3.97460e+01  -3.92799e+01  -3.89178e+01  -3.86308e+01  -3.84194e+01  -3.83272e+01  -3.84026e+01  -3.86150e+01  -3.88959e+01  -3.92104e+01  -3.95286e+01  -3.97687e+01  -3.96771e+01  -3.86125e+01  -3.52471e+01  -2.78310e+01  -1.71552e+01  -1.13031e+01  -1.71552e+01  -2.78310e+01  -3.52471e+01  -3.86125e+01  -3.96771e+01  -3.97680e+01  -3.95286e+01  -3.92104e+01  -3.88959e+01  -3.86150e+01  -3.84026e+01  -3.83264e+01  -3.84194e+01  -3.86308e+01  -3.89178e+01  -3.92799e+01  -3.97460e+01  -4.03604e+01  -4.11847e+01  -4.22875e+01  -4.37694e+01  -4.57727e+01  -4.84747e+01  -5.19781e+01  -5.60665e+01  -5.99743e+01  -6.19427e+01  -5.88518e+01  -4.79669e+01  -3.20613e+01
   2.00000e-03  -2.46585e+01  -3.55660e+01  -4.37166e+01  -4.69541e+01  -4.63696e+01  -4.39313e+01  -4.10383e+01  -3.84049e+01  -3.62883e+01  -3.46817e+01  -3.34820e+01  -3.25883e+01  -3.19212e+01  -3.14220e+01  -3.10455e+01  -3.07557e+01  -3.05303e+01  -3.03730e+01  -3.03109e+01  -3.03625e+01  -3.05137e+01  -3.07206e+01  -3.09515e+01  -3.11607e+01  -3.12547e+01  -3.09878e+01  -2.98323e+01  -2.69075e+01  -2.14593e+01  -1.47215e+01  -1.13688e+01  -1.47215e+01  -2.14593e+01  -2.69075e+01  -2.98323e+01  -3.09886e+01  -3.12547e+01  -3.11607e+01  -3.09515e+01  -3.07206e+01  -3.05137e+01  -3.03625e+01  -3.03109e+01  -3.03730e+01  -3.05303e+01  -3.07557e+01  -3.10455e+01  -3.14220e+01  -3.19212e+01  -3.25883e+01  -3.34820e+01  -3.46817e+01  -3.62883e+01  -3.84049e+01  -4.10383e+01  -4.39313e+01  -4.63696e+01  -4.69541e+01  -4.37166e+01  -3.55660e+01  -2.46585e+01
   1.50000e-03  -1.79446e+01  -2.52601e+01  -3.10333e+01  -3.37652e+01  -3.38243e+01  -3.23838e+01  -3.04402e+01  -2.85733e+01  -2.70219e+01  -2.58180e+01  -2.49120e+01  -2.42359e+01  -2.37305e+01  -2.33535e+01  -2.30668e+01  -2.28498e+01  -2.26841e+01  -2.25723e+01  -2.25292e+01  -2.25654e+01  -2.26685e+01  -2.28143e+01  -2.29712e+01  -2.30993e+01  -2.31102e+01  -2.27984e+01  -2.17811e+01  -1.95213e+01  -1.57662e+01  -1.15748e+01  -9.62046e+00  -1.15748e+01  -1.57662e+01  -1.95206e+01  -2.17811e+01  -2.27984e+01  -2.31102e+01  -2.31008e+01  -2.29712e+01  -2.28143e+01  -2.26685e+01  -2.25654e+01  -2.25292e+01  -2.25723e+01  -2.26841e+01  -2.28498e+01  -2.30668e+01  -2.33535e+01  -2.37305e+01  -2.42359e+01  -2.49120e+01  -2.58180e+01  -2.70219e+01  -2.85733e+01  -3.04402e+01  -3.23838e+01  -3.38243e+01  -3.37652e+01  -3.10333e+01  -2.52603e+01  -1.79446e+01
   1.00000e-03  -1.17119e+01  -1.62321e+01  -1.99194e+01  -2.18451e+01  -2.20942e+01  -2.13119e+01  -2.01234e+01  -1.89338e+01  -1.79189e+01  -1.71201e+01  -1.65147e+01  -1.60597e+01  -1.57213e+01  -1.54674e+01  -1.52771e+01  -1.51297e+01  -1.50213e+01  -1.49502e+01  -1.49224e+01  -1.49443e+01  -1.50105e+01  -1.51019e+01  -1.51988e+01  -1.52702e+01  -1.52486e+01  -1.49891e+01  -1.42482e+01  -1.27312e+01  -1.03925e+01  -7.95118e+00  -6.85883e+00  -7.95118e+00  -1.03925e+01  -1.27312e+01  -1.42482e+01  -1.49891e+01  -1.52486e+01  -1.52702e+01  -1.51988e+01  -1.51019e+01  -1.50098e+01  -1.49443e+01  -1.49224e+01  -1.49502e+01  -1.50213e+01  -1.51297e+01  -1.52771e+01  -1.54674e+01  -1.57213e+01  -1.60597e+01  -1.65147e+01  -1.71201e+01  -1.79189e+01  -1.89338e+01  -2.01234e+01  -2.13119e+01  -2.20942e+01  -2.18451e+01  -1.99194e+01  -1.62321e+01  -1.17119e+01
   5.00000e-04  -5.78268e+00  -7.94551e+00  -9.74154e+00  -1.07286e+01  -1.09094e+01  -1.05698e+01  -1.00108e+01  -9.43153e+00  -8.93013e+00  -8.53236e+00  -8.22895e+00  -8.00033e+00  -7.83115e+00  -7.70434e+00  -7.60839e+00  -7.53448e+00  -7.48035e+00  -7.44505e+00  -7.43275e+00  -7.44364e+00  -7.47395e+00  -7.51895e+00  -7.56477e+00  -7.59528e+00  -7.57653e+00  -7.43118e+00  -7.04482e+00  -6.28751e+00  -5.16671e+00  -4.04186e+00  -3.55038e+00  -4.04186e+00  -5.16671e+00  -6.28751e+00  -7.04482e+00  -7.43118e+00  -7.57653e+00  -7.59528e+00  -7.56477e+00  -7.51970e+00  -7.47395e+00  -7.44364e+00  -7.43275e+00  -7.44505e+00  -7.48035e+00  -7.53448e+00  -7.60839e+00  -7.70434e+00  -7.83115e+00  -8.00033e+00  -8.22895e+00  -8.53236e+00  -8.93013e+00  -9.43153e+00  -1.00108e+01  -1.05698e+01  -1.09094e+01  -1.07286e+01  -9.74154e+00  -7.94551e+00  -5.78245e+00
   0.00000e+00  -6.95173e-08  -6.72244e-08  -6.15646e-08  -2.68853e-08  -1.12927e-08  -9.29163e-09   7.57324e-09   1.22503e-08   9.92085e-09   1.20846e-08   1.14460e-08   9.26111e-09   8.55123e-09   6.64248e-09   5.42108e-09  -6.68128e-08   3.10399e-09   1.96542e-09   1.10514e-09   0.00000e+00   0.00000e+00  -1.47498e-09  -2.70001e-09  -4.37552e-09  -6.19926e-09  -8.64569e-09  -9.94120e-09  -1.00095e-08  -7.84862e-09  -4.05001e-09   0.00000e+00   3.15848e-09   5.94350e-09   7.34291e-09   8.21555e-09   8.85785e-09   8.53379e-09   7.29496e-09   5.63470e-09   3.58645e-09   1.34274e-09   0.00000e+00  -3.01462e-09  -5.14571e-09  -7.32402e-09  -9.54956e-09  -1.16872e-08  -1.41365e-08  -1.65612e-08  -1.78472e-08  -1.95591e-08  -1.90672e-08  -1.98046e-08  -1.52969e-08  -3.78771e-09   9.29744e-09  -2.10925e-08   2.68864e-08   6.60670e-08   6.72804e-08   1.04261e-07
  -5.00000e-04   5.78268e+00   7.94551e+00   9.74154e+00   1.07286e+01   1.09094e+01   1.05698e+01   1.00108e+01   9.43153e+00   8.93013e+00   8.53236e+00   8.22895e+00   8.00033e+00   7.83115e+00   7.70434e+00   7.60839e+00   7.53448e+00   7.48035e+00   7.44505e+00   7.43275e+00   7.44364e+00   7.47395e+00   7.51895e+00   7.56477e+00   7.59528e+00   7.57653e+00   7.43118e+00   7.04482e+00   6.28751e+00   5.16671e+00   4.04186e+00   3.55038e+00   4.04186e+00   5.16671e+00   6.28751e+00   7.04482e+00   7.43118e+00   7.57653e+00   7.59528e+00   7.56477e+00   7.51970e+00   7.47395e+00   7.44364e+00   7.43275e+00   7.44505e+00   7.48035e+00   7.53448e+00   7.60839e+00   7.70434e+00   7.83115e+00   8.00033e+00   8.22895e+00   8.53236e+00   8.93013e+00   9.43153e+00   1.00108e+01   1.05698e+01   1.09094e+01   1.07286e+01   9.74154e+00   7.94551e+00   5.78245e+00
  -1.00000e-03   1.17119e+01   1.62321e+01   1.99194e+01   2.18451e+01   2.20942e+01   2.13119e+01   2.01234e+01   1.89338e+01   1.79189e+01   1.71201e+01   1.65147e+01   1.60597e+01   1.57213e+01   1.54674e+01   1.52771e+01   1.51297e+01   1.50213e+01   1.49502e+01   1.49224e+01   1.49443e+01   1.50105e+01   1.51012e+01   1.51988e+01   1.52702e+01   1.52486e+01   1.49891e+01   1.42482e+01   1.27312e+01   1.03925e+01   7.95118e+00   6.85883e+00   7.95118e+00   1.03925e+01   1.27312e+01   1.42482e+01   1.49891e+01   1.52486e+01   1.52702e+01   1.51988e+01   1.51019e+01   1.50105e+01   1.49443e+01   1.49224e+01   1.49502e+01   1.50213e+01   1.51297e+01   1.52771e+01   1.54674e+01   1.57213e+01   1.60597e+01   1.65147e+01   1.71201e+01   1.79189e+01   1.89338e+01   2.01234e+01   2.13119e+01   2.20942e+01   2.18451e+01   1.99194e+01   1.62321e+01   1.17119e+01
  -1.50000e-03   1.79446e+01   2.52601e+01   3.10333e+01   3.37652e+01   3.38243e+01   3.23838e+01   3.04402e+01   2.85733e+01   2.70219e+01   2.58180e+01   2.49120e+01   2.42359e+01   2.37305e+01   2.33535e+01   2.30668e+01   2.28498e+01   2.26841e+01   2.25723e+01   2.25292e+01   2.25654e+01   2.26685e+01   2.28143e+01   2.29712e+01   2.30993e+01   2.31102e+01   2.27984e+01   2.17811e+01   1.95213e+01   1.57662e+01   1.15748e+01   9.62046e+00   1.15748e+01   1.57662e+01   1.95206e+01   2.17811e+01   2.27984e+01   2.31102e+01   2.30993e+01   2.29712e+01   2.28143e+01   2.26685e+01   2.25654e+01   2.25292e+01   2.25723e+01   2.26841e+01   2.28498e+01   2.30668e+01   2.33535e+01   2.37305e+01   2.42359e+01   2.49120e+01   2.58180e+01   2.70219e+01   2.85733e+01   3.04415e+01   3.23838e+01   3.38243e+01   3.37652e+01   3.10333e+01   2.52603e+01   1.79446e+01
  -2.00000e-03   2.46585e+01   3.55660e+01   4.37166e+01   4.69541e+01   4.63702e+01   4.39313e+01   4.10383e+01   3.84049e+01   3.62883e+01   3.46817e+01   3.34820e+01   3.25883e+01   3.19212e+01   3.14220e+01   3.10455e+01   3.07557e+01   3.05303e+01   3.03730e+01   3.03109e+01   3.03625e+01   3.05137e+01   3.07206e+01   3.09515e+01   3.11607e+01   3.12547e+01   3.09878e+01   2.98323e+01   2.69075e+01   2.14593e+01   1.47215e+01   1.13688e+01   1.47215e+01   2.14593e+01   2.69075e+01   2.98323e+01   3.09878e+01   3.12547e+01   3.11607e+01   3.09515e+01   3.07206e+01   3.05137e+01   3.03625e+01   3.03109e+01   3.03730e+01   3.05303e+01   3.07557e+01   3.10455e+01   3.14220e+01   3.19212e+01   3.25883e+01   3.34820e+01   3.46817e+01   3.62883e+01   3.84049e+01   4.10383e+01   4.39313e+01   4.63696e+01   4.69541e+01   4.37166e+01   3.55660e+01   2.46585e+01
  -2.50000e-03   3.20613e+01   4.79669e+01   5.88518e+01   6.19427e+01   5.99749e+01   5.60672e+01   5.19781e+01   4.84747e+01   4.57727e+01   4.37694e+01   4.22875e+01   4.11847e+01   4.03604e+01   3.97460e+01   3.92799e+01   3.89178e+01   3.86316e+01   3.84194e+01   3.83272e+01   3.84026e+01   3.86150e+01   3.88959e+01   3.92104e+01   3.95286e+01   3.97687e+01   3.96771e+01   3.86125e+01   3.52471e+01   2.78310e+01   1.71552e+01   1.13031e+01   1.71552e+01   2.78310e+01   3.52471e+01   3.86125e+01   3.96771e+01   3.97687e+01   3.95286e+01   3.92104e+01   3.88959e+01   3.86150e+01   3.84026e+01   3.83272e+01   3.84194e+01   3.86308e+01   3.89178e+01   3.92799e+01   3.97460e+01   4.03604e+01   4.11848e+01   4.22875e+01   4.37694e+01   4.57727e+01   4.84747e+01   5.19781e+01   5.60672e+01   5.99742e+01   6.19427e+01   5.88518e+01   4.79669e+01   3.20613e+01
  -3.00000e-03   4.03969e+01   6.38648e+01   7.77337e+01   7.93196e+01   7.48372e+01   6.88596e+01   6.32968e+01   5.88190e+01   5.55293e+01   5.31545e+01   5.14064e+01   5.01016e+01   4.91337e+01   4.84055e+01   4.78576e+01   4.74283e+01   4.70755e+01   4.67910e+01   4.66553e+01   4.67650e+01   4.70588e+01   4.74258e+01   4.78366e+01   4.82868e+01   4.87346e+01   4.89848e+01   4.83508e+01   4.50480e+01   3.56214e+01   1.86693e+01   7.92174e+00   1.86693e+01   3.56214e+01   4.50480e+01   4.83508e+01   4.89848e+01   4.87346e+01   4.82868e+01   4.78366e+01   4.74258e+01   4.70588e+01   4.67650e+01   4.66553e+01   4.67910e+01   4.70755e+01   4.74283e+01   4.78576e+01   4.84055e+01   4.91337e+01   5.01016e+01   5.14049e+01   5.31545e+01   5.55293e+01   5.88182e+01   6.32968e+01   6.88596e+01   7.48372e+01   7.93196e+01   7.77337e+01   6.38648e+01   4.03969e+01
  -3.50000e-03   4.99084e+01   8.59703e+01   1.02324e+02   9.96649e+01   9.10711e+01   8.23615e+01   7.50483e+01   6.95035e+01   6.56728e+01   6.29758e+01   6.09823e+01   5.94929e+01   5.83862e+01   5.75592e+01   5.69331e+01   5.64414e+01   5.60201e+01   5.56388e+01   5.54228e+01   5.55903e+01   5.60030e+01   5.64668e+01   5.69800e+01   5.75772e+01   5.82859e+01   5.90503e+01   5.92946e+01   5.69975e+01   4.63763e+01   1.94439e+01  -1.89512e+00   1.94439e+01   4.63763e+01   5.69975e+01   5.92946e+01   5.90503e+01   5.82860e+01   5.75772e+01   5.69800e+01   5.64668e+01   5.60030e+01   5.55903e+01   5.54228e+01   5.56388e+01   5.60201e+01   5.64414e+01   5.69331e+01   5.75585e+01   5.83862e+01   5.94929e+01   6.09823e+01   6.29758e+01   6.56728e+01   6.95035e+01   7.50483e+01   8.23615e+01   9.10711e+01   9.96649e+01   1.02324e+02   8.59704e+01   4.99084e+01
  -4.00000e-03   6.05789e+01   1.20336e+02   1.35529e+02   1.23477e+02   1.08829e+02   9.67972e+01   8.75161e+01   8.08253e+01   7.65970e+01   7.36595e+01   7.14478e+01   6.97912e+01   6.85594e+01   6.76420e+01   6.69508e+01   6.64070e+01   6.59234e+01   6.54121e+01   6.50299e+01   6.53189e+01   6.59048e+01   6.64683e+01   6.70804e+01   6.78272e+01   6.88143e+01   7.02420e+01   7.18644e+01   7.20186e+01   6.31618e+01   2.17209e+01  -2.54067e+01   2.17209e+01   6.31618e+01   7.20186e+01   7.18644e+01   7.02420e+01   6.88143e+01   6.78272e+01   6.70812e+01   6.64683e+01   6.59056e+01   6.53189e+01   6.50299e+01   6.54121e+01   6.59234e+01   6.64070e+01   6.69508e+01   6.76420e+01   6.85594e+01   6.97912e+01   7.14478e+01   7.36595e+01   7.65978e+01   8.08253e+01   8.75161e+01   9.67972e+01   1.08829e+02   1.23477e+02   1.35529e+02   1.20336e+02   6.05789e+01
  -4.50000e-03   7.05467e+01   1.83120e+02   1.81319e+02   1.51612e+02   1.29183e+02   1.13584e+02   1.02249e+02   9.42681e+01   9.00390e+01   8.69590e+01   8.45598e+01   8.27603e+01   8.14278e+01   8.04420e+01   7.97030e+01   7.91275e+01   7.86068e+01   7.79420e+01   7.71615e+01   7.77525e+01   7.85954e+01   7.92367e+01   7.99315e+01   8.08193e+01   8.20248e+01   8.42007e+01   8.76047e+01   9.18717e+01   9.16191e+01   3.71017e+01  -8.22833e+01   3.71024e+01   9.16191e+01   9.18725e+01   8.76047e+01   8.42007e+01   8.20248e+01   8.08193e+01   7.99315e+01   7.92367e+01   7.85946e+01   7.77525e+01   7.71607e+01   7.79420e+01   7.86068e+01   7.91275e+01   7.97030e+01   8.04420e+01   8.14278e+01   8.27603e+01   8.45606e+01   8.69590e+01   9.00390e+01   9.42674e+01   1.02249e+02   1.13584e+02   1.29183e+02   1.51612e+02   1.81319e+02   1.83120e+02   7.05467e+01
  -5.00000e-03   6.48409e+01   3.26821e+02   2.46038e+02   1.90313e+02   1.59842e+02   1.41107e+02   1.27996e+02   1.18069e+02   1.14992e+02   1.11830e+02   1.09307e+02   1.07434e+02   1.06065e+02   1.05063e+02   1.04323e+02   1.03757e+02   1.03259e+02   1.02519e+02   1.00601e+02   1.02193e+02   1.03298e+02   1.03956e+02   1.04709e+02   1.05719e+02   1.06973e+02   1.09870e+02   1.15144e+02   1.24426e+02   1.42538e+02   1.19849e+02  -2.34661e+02   1.19849e+02   1.42538e+02   1.24426e+02   1.15144e+02   1.09870e+02   1.06973e+02   1.05719e+02   1.04709e+02   1.03956e+02   1.03298e+02   1.02193e+02   1.00601e+02   1.02519e+02   1.03259e+02   1.03757e+02   1.04323e+02   1.05063e+02   1.06065e+02   1.07434e+02   1.09306e+02   1.11830e+02   1.14992e+02   1.18069e+02   1.27996e+02   1.41107e+02   1.59842e+02   1.90313e+02   2.46038e+02   3.26821e+02   6.48409e+01
  -5.50000e-03  -5.70019e+01   7.18481e+02   3.99441e+02   3.21630e+02   2.86028e+02   2.65866e+02   2.52662e+02   2.37438e+02   2.39711e+02   2.36780e+02   2.34645e+02   2.33175e+02   2.32173e+02   2.31495e+02   2.31033e+02   2.30710e+02   2.30442e+02   2.30001e+02   2.24190e+02   2.29825e+02   2.30753e+02   2.31352e+02   2.32105e+02   2.33167e+02   2.34362e+02   2.37803e+02   2.44120e+02   2.57146e+02   2.95358e+02   4.95887e+02  -5.86053e+02   4.95887e+02   2.95358e+02   2.57146e+02   2.44120e+02   2.37803e+02   2.34362e+02   2.33167e+02   2.32105e+02   2.31352e+02   2.30753e+02   2.29825e+02   2.24189e+02   2.30002e+02   2.30442e+02   2.30709e+02   2.31033e+02   2.31495e+02   2.32174e+02   2.33173e+02   2.34645e+02   2.36780e+02   2.39711e+02   2.37438e+02   2.52662e+02   2.65866e+02   2.86028e+02   3.21631e+02   3.99441e+02   7.18481e+02  -5.70021e+01
  -6.00000e-03  -2.35267e+02   1.53228e+02  -3.88352e+01  -1.12154e+02  -1.48875e+02  -1.70626e+02  -1.84233e+02  -1.86602e+02  -2.01179e+02  -2.07351e+02  -2.11908e+02  -2.15440e+02  -2.18210e+02  -2.20389e+02  -2.22080e+02  -2.23353e+02  -2.24234e+02  -2.24588e+02  -2.19683e+02  -2.24418e+02  -2.24976e+02  -2.24669e+02  -2.23847e+02  -2.22399e+02  -2.19712e+02  -2.15817e+02  -2.09828e+02  -1.96198e+02  -1.58416e+02   1.46409e+01  -4.08239e+02   1.46417e+01  -1.58416e+02  -1.96198e+02  -2.09828e+02  -2.15817e+02  -2.19712e+02  -2.22399e+02  -2.23847e+02  -2.24669e+02  -2.24976e+02  -2.24418e+02  -2.19683e+02  -2.24588e+02  -2.24234e+02  -2.23353e+02  -2.22079e+02  -2.20388e+02  -2.18211e+02  -2.15438e+02  -2.11908e+02  -2.07350e+02  -2.01180e+02  -1.86602e+02  -1.84233e+02  -1.70628e+02  -1.48876e+02  -1.12154e+02  -3.88344e+01   1.53227e+02  -2.35267e+02
  -6.50000e-03  -1.40077e+02   4.88530e+01   6.73554e+01   2.21369e+01  -6.70138e+00  -2.43887e+01  -3.50436e+01  -4.10340e+01  -4.90627e+01  -5.40692e+01  -5.75680e+01  -6.01894e+01  -6.22001e+01  -6.37474e+01  -6.49241e+01  -6.57798e+01  -6.63040e+01  -6.62635e+01  -6.47066e+01  -6.59861e+01  -6.66374e+01  -6.64313e+01  -6.57418e+01  -6.44891e+01  -6.21872e+01  -5.90510e+01  -5.42288e+01  -4.44668e+01  -2.58334e+01  -5.49560e+01  -1.16359e+02  -5.49560e+01  -2.58334e+01  -4.44667e+01  -5.42288e+01  -5.90510e+01  -6.21871e+01  -6.44891e+01  -6.57418e+01  -6.64313e+01  -6.66374e+01  -6.59846e+01  -6.47066e+01  -6.62635e+01  -6.63040e+01  -6.57798e+01  -6.49249e+01  -6.37481e+01  -6.21993e+01  -6.01902e+01  -5.75664e+01  -5.40692e+01  -4.90650e+01  -4.10347e+01  -3.50436e+01  -2.43879e+01  -6.70142e+00   2.21369e+01   6.73553e+01   4.88538e+01  -1.40077e+02
  -7.00000e-03  -7.76300e+01   8.43907e+00   4.59767e+01   2.36685e+01   3.11029e+00  -1.07068e+01  -1.95090e+01  -2.55354e+01  -3.13620e+01  -3.57087e+01  -3.88474e+01  -4.12121e+01  -4.30316e+01  -4.44365e+01  -4.55029e+01  -4.62664e+01  -4.67087e+01  -4.66833e+01  -4.61784e+01  -4.66324e+01  -4.70583e+01  -4.69154e+01  -4.63245e+01  -4.52256e+01  -4.34000e+01  -4.09152e+01  -3.73556e+01  -3.21019e+01  -3.02774e+01  -8.15601e+01  -4.70486e+01  -8.15601e+01  -3.02774e+01  -3.21019e+01  -3.73556e+01  -4.09152e+01  -4.34000e+01  -4.52256e+01  -4.63245e+01  -4.69154e+01  -4.70583e+01  -4.66324e+01  -4.61784e+01  -4.66833e+01  -4.67087e+01  -4.62664e+01  -4.55029e+01  -4.44365e+01  -4.30324e+01  -4.12129e+01  -3.88459e+01  -3.57094e+01  -3.13620e+01  -2.55368e+01  -1.95082e+01  -1.07076e+01   3.11108e+00   2.36684e+01   4.59774e+01   8.43824e+00  -7.76300e+01
  -7.50000e-03  -4.82041e+01  -2.56049e+00   1.99220e+01   1.06392e+01  -1.81058e+00  -1.12818e+01  -1.79108e+01  -2.29037e+01  -2.73754e+01  -3.09914e+01  -3.37489e+01  -3.58786e+01  -3.75399e+01  -3.88336e+01  -3.98234e+01  -4.05318e+01  -4.09513e+01  -4.10298e+01  -4.09105e+01  -4.11444e+01  -4.13853e+01  -4.12714e+01  -4.07861e+01  -3.98882e+01  -3.85088e+01  -3.67273e+01  -3.46122e+01  -3.31838e+01  -3.94296e+01  -7.65327e+01  -2.60470e+01  -7.65327e+01  -3.94296e+01  -3.31838e+01  -3.46122e+01  -3.67273e+01  -3.85088e+01  -3.98882e+01  -4.07861e+01  -4.12721e+01  -4.13860e+01  -4.11444e+01  -4.09105e+01  -4.10298e+01  -4.09513e+01  -4.05318e+01  -3.98227e+01  -3.88336e+01  -3.75398e+01  -3.58779e+01  -3.37481e+01  -3.09899e+01  -2.73746e+01  -2.29036e+01  -1.79101e+01  -1.12818e+01  -1.81057e+00   1.06401e+01   1.99212e+01  -2.56127e+00  -4.82039e+01
# Longitudinally Integrated Squared Transverse Magnetic Field [T2m]
START
                -3.00000e-02  -2.90000e-02  -2.80000e-02  -2.70000e-02  -2.60000e-02  -2.50000e-02  -2.40000e-02  -2.30000e-02  -2.20000e-02  -2.10000e-02  -2.00000e-02  -1.90000e-02  -1.80000e-02  -1.70000e-02  -1.60000e-02  -1.50000e-02  -1.40000e-02  -1.30000e-02  -1.20000e-02  -1.10000e-02  -1.00000e-02  -9.00000e-03  -8.00000e-03  -7.00000e-03  -6.00000e-03  -5.00000e-03  -4.00000e-03  -3.00000e-03  -2.00000e-03  -1.00000e-03   0.00000e+00   1.00000e-03   2.00000e-03   3.00000e-03   4.00000e-03   5.00000e-03   6.00000e-03   7.00000e-03   8.00000e-03   9.00000e-03   1.00000e-02   1.10000e-02   1.20000e-02   1.30000e-02   1.40000e-02   1.50000e-02   1.60000e-02   1.70000e-02   1.80000e-02   1.90000e-02   2.00000e-02   2.10000e-02   2.20000e-02   2.30000e-02   2.40000e-02   2.50000e-02   2.60000e-02   2.70000e-02   2.80000e-02   2.90000e-02   3.00000e-02
   7.50000e-03   4.15660e-01   2.04537e+00   1.73732e+00   1.56690e+00   1.47661e+00   1.42960e+00   1.40628e+00   1.39614e+00   1.39527e+00   1.39891e+00   1.40461e+00   1.41107e+00   1.41753e+00   1.42356e+00   1.42888e+00   1.43333e+00   1.43682e+00   1.43940e+00   1.44143e+00   1.44417e+00   1.44615e+00   1.44766e+00   1.44877e+00   1.44986e+00   1.45164e+00   1.45653e+00   1.46520e+00   1.48397e+00   1.52466e+00   1.60147e+00   1.01910e-01   1.60147e+00   1.52466e+00   1.48397e+00   1.46520e+00   1.45653e+00   1.45164e+00   1.44986e+00   1.44877e+00   1.44766e+00   1.44615e+00   1.44417e+00   1.44143e+00   1.43940e+00   1.43682e+00   1.43333e+00   1.42888e+00   1.42356e+00   1.41753e+00   1.41107e+00   1.40461e+00   1.39891e+00   1.39528e+00   1.39614e+00   1.40628e+00   1.42960e+00   1.47661e+00   1.56690e+00   1.73732e+00   2.04537e+00   4.15660e-01
   7.00000e-03   4.64176e-01   2.02701e+00   1.69426e+00   1.53773e+00   1.46190e+00   1.42498e+00   1.40831e+00   1.40287e+00   1.40622e+00   1.41311e+00   1.42123e+00   1.42953e+00   1.43741e+00   1.44454e+00   1.45070e+00   1.45574e+00   1.45958e+00   1.46218e+00   1.46399e+00   1.46697e+00   1.46920e+00   1.47058e+00   1.47122e+00   1.47145e+00   1.47186e+00   1.47489e+00   1.48106e+00   1.49694e+00   1.53993e+00   1.65495e+00   1.35262e-01   1.65496e+00   1.53993e+00   1.49694e+00   1.48106e+00   1.47489e+00   1.47186e+00   1.47145e+00   1.47123e+00   1.47058e+00   1.46920e+00   1.46697e+00   1.46399e+00   1.46218e+00   1.45958e+00   1.45574e+00   1.45070e+00   1.44454e+00   1.43741e+00   1.42953e+00   1.42123e+00   1.41311e+00   1.40622e+00   1.40287e+00   1.40831e+00   1.42498e+00   1.46190e+00   1.53773e+00   1.69426e+00   2.02701e+00   4.64176e-01
   6.50000e-03   5.48118e-01   1.98815e+00   1.62907e+00   1.50202e+00   1.44779e+00   1.42450e+00   1.41620e+00   1.41605e+00   1.42496e+00   1.43572e+00   1.44657e+00   1.45692e+00   1.46637e+00   1.47470e+00   1.48177e+00   1.48747e+00   1.49170e+00   1.49426e+00   1.49532e+00   1.49891e+00   1.50155e+00   1.50277e+00   1.50286e+00   1.50207e+00   1.50073e+00   1.50130e+00   1.50376e+00   1.51307e+00   1.54755e+00   1.70238e+00   1.97557e-01   1.70239e+00   1.54755e+00   1.51307e+00   1.50376e+00   1.50130e+00   1.50073e+00   1.50207e+00   1.50286e+00   1.50277e+00   1.50156e+00   1.49891e+00   1.49532e+00   1.49426e+00   1.49170e+00   1.48747e+00   1.48177e+00   1.47471e+00   1.46637e+00   1.45692e+00   1.44657e+00   1.43572e+00   1.42496e+00   1.41605e+00   1.41620e+00   1.42450e+00   1.44779e+00   1.50202e+00   1.62907e+00   1.98815e+00   5.48118e-01
   6.00000e-03   7.01947e-01   1.87870e+00   1.57495e+00   1.50021e+00   1.47452e+00   1.46814e+00   1.47007e+00   1.47420e+00   1.49170e+00   1.50698e+00   1.52105e+00   1.53383e+00   1.54515e+00   1.55493e+00   1.56310e+00   1.56961e+00   1.57436e+00   1.57700e+00   1.57572e+00   1.58140e+00   1.58455e+00   1.58553e+00   1.58497e+00   1.58303e+00   1.57953e+00   1.57706e+00   1.57482e+00   1.57383e+00   1.58334e+00   1.69571e+00   3.77092e-01   1.69571e+00   1.58334e+00   1.57383e+00   1.57482e+00   1.57706e+00   1.57953e+00   1.58303e+00   1.58497e+00   1.58553e+00   1.58455e+00   1.58140e+00   1.57572e+00   1.57700e+00   1.57436e+00   1.56961e+00   1.56310e+00   1.55493e+00   1.54515e+00   1.53383e+00   1.52105e+00   1.50698e+00   1.49170e+00   1.47420e+00   1.47007e+00   1.46814e+00   1.47452e+00   1.50021e+00   1.57495e+00   1.87870e+00   7.01947e-01
   5.50000e-03   8.39182e-01   1.64931e+00   1.64242e+00   1.64482e+00   1.65693e+00   1.67316e+00   1.68992e+00   1.70561e+00   1.73134e+00   1.75253e+00   1.77112e+00   1.78742e+00   1.80153e+00   1.81349e+00   1.82338e+00   1.83120e+00   1.83691e+00   1.84016e+00   1.83921e+00   1.84518e+00   1.84839e+00   1.84899e+00   1.84759e+00   1.84426e+00   1.83858e+00   1.83227e+00   1.82376e+00   1.80950e+00   1.78183e+00   1.67137e+00   8.32876e-01   1.67137e+00   1.78183e+00   1.80950e+00   1.82376e+00   1.83227e+00   1.83858e+00   1.84426e+00   1.84759e+00   1.84899e+00   1.84839e+00   1.84518e+00   1.83922e+00   1.84016e+00   1.83691e+00   1.83120e+00   1.82338e+00   1.81349e+00   1.80153e+00   1.78742e+00   1.77112e+00   1.75253e+00   1.73134e+00   1.70561e+00   1.68992e+00   1.67316e+00   1.65693e+00   1.64482e+00   1.64242e+00   1.64931e+00   8.39182e-01
   5.00000e-03   8.13733e-01   1.23349e+00   1.37974e+00   1.43729e+00   1.47630e+00   1.50829e+00   1.53578e+00   1.56110e+00   1.58777e+00   1.61148e+00   1.63202e+00   1.64973e+00   1.66485e+00   1.67754e+00   1.68795e+00   1.69617e+00   1.70221e+00   1.70597e+00   1.70780e+00   1.71122e+00   1.71357e+00   1.71367e+00   1.71167e+00   1.70751e+00   1.70089e+00   1.69198e+00   1.67875e+00   1.65542e+00   1.60454e+00   1.44071e+00   1.14647e+00   1.44071e+00   1.60454e+00   1.65542e+00   1.67875e+00   1.69198e+00   1.70089e+00   1.70751e+00   1.71167e+00   1.71367e+00   1.71357e+00   1.71122e+00   1.70780e+00   1.70597e+00   1.70221e+00   1.69617e+00   1.68795e+00   1.67754e+00   1.66485e+00   1.64973e+00   1.63202e+00   1.61148e+00   1.58777e+00   1.56110e+00   1.53578e+00   1.50829e+00   1.47630e+00   1.43729e+00   1.37974e+00   1.23349e+00   8.13733e-01
   4.50000e-03   7.53189e-01   1.02958e+00   1.20087e+00   1.29246e+00   1.35286e+00   1.39874e+00   1.43610e+00   1.46852e+00   1.49832e+00   1.52456e+00   1.54711e+00   1.56631e+00   1.58253e+00   1.59603e+00   1.60703e+00   1.61571e+00   1.62217e+00   1.62651e+00   1.62933e+00   1.63197e+00   1.63352e+00   1.63309e+00   1.63052e+00   1.62560e+00   1.61797e+00   1.60702e+00   1.59033e+00   1.56163e+00   1.50445e+00   1.38009e+00   1.26002e+00   1.38009e+00   1.50445e+00   1.56163e+00   1.59033e+00   1.60702e+00   1.61797e+00   1.62560e+00   1.63052e+00   1.63309e+00   1.63352e+00   1.63197e+00   1.62933e+00   1.62651e+00   1.62217e+00   1.61571e+00   1.60703e+00   1.59603e+00   1.58253e+00   1.56631e+00   1.54711e+00   1.52456e+00   1.49832e+00   1.46852e+00   1.43610e+00   1.39874e+00   1.35286e+00   1.29246e+00   1.20087e+00   1.02958e+00   7.53189e-01
   4.00000e-03   6.98195e-01   9.06541e-01   1.06953e+00   1.17703e+00   1.25219e+00   1.30918e+00   1.35484e+00   1.39315e+00   1.42642e+00   1.45511e+00   1.47952e+00   1.50013e+00   1.51738e+00   1.53165e+00   1.54324e+00   1.55237e+00   1.55923e+00   1.56405e+00   1.56731e+00   1.56961e+00   1.57060e+00   1.56968e+00   1.56658e+00   1.56101e+00   1.55250e+00   1.54011e+00   1.52147e+00   1.49121e+00   1.43868e+00   1.35480e+00   1.29744e+00   1.35480e+00   1.43868e+00   1.49121e+00   1.52147e+00   1.54011e+00   1.55250e+00   1.56101e+00   1.56658e+00   1.56968e+00   1.57060e+00   1.56961e+00   1.56731e+00   1.56405e+00   1.55923e+00   1.55237e+00   1.54324e+00   1.53165e+00   1.51738e+00   1.50013e+00   1.47952e+00   1.45511e+00   1.42642e+00   1.39315e+00   1.35484e+00   1.30918e+00   1.25219e+00   1.17703e+00   1.06953e+00   9.06541e-01   6.98195e-01
   3.50000e-03   6.52593e-01   8.22536e-01   9.71669e-01   1.08434e+00   1.16862e+00   1.23389e+00   1.28620e+00   1.32943e+00   1.36597e+00   1.39695e+00   1.42306e+00   1.44494e+00   1.46314e+00   1.47811e+00   1.49023e+00   1.49978e+00   1.50701e+00   1.51219e+00   1.51568e+00   1.51780e+00   1.51839e+00   1.51707e+00   1.51351e+00   1.50740e+00   1.49822e+00   1.48498e+00   1.46566e+00   1.43650e+00   1.39242e+00   1.33638e+00   1.30533e+00   1.33638e+00   1.39242e+00   1.43650e+00   1.46566e+00   1.48498e+00   1.49822e+00   1.50740e+00   1.51351e+00   1.51707e+00   1.51839e+00   1.51780e+00   1.51568e+00   1.51219e+00   1.50701e+00   1.49978e+00   1.49023e+00   1.47811e+00   1.46314e+00   1.44494e+00   1.42306e+00   1.39695e+00   1.36597e+00   1.32943e+00   1.28620e+00   1.23389e+00   1.16862e+00   1.08434e+00   9.71669e-01   8.22536e-01   6.52593e-01
   3.00000e-03   6.15588e-01   7.61528e-01   8.97970e-01   1.01058e+00   1.09989e+00   1.17098e+00   1.22844e+00   1.27570e+00   1.31512e+00   1.34815e+00   1.37578e+00   1.39878e+00   1.41782e+00   1.43342e+00   1.44602e+00   1.45594e+00   1.46348e+00   1.46892e+00   1.47255e+00   1.47457e+00   1.47488e+00   1.47322e+00   1.46929e+00   1.46277e+00   1.45313e+00   1.43951e+00   1.42043e+00   1.39369e+00   1.35799e+00   1.31961e+00   1.30106e+00   1.31961e+00   1.35799e+00   1.39369e+00   1.42043e+00   1.43951e+00   1.45313e+00   1.46277e+00   1.46929e+00   1.47322e+00   1.47488e+00   1.47457e+00   1.47255e+00   1.46892e+00   1.46348e+00   1.45594e+00   1.44602e+00   1.43342e+00   1.41782e+00   1.39878e+00   1.37578e+00   1.34815e+00   1.31512e+00   1.27570e+00   1.22844e+00   1.17098e+00   1.09989e+00   1.01058e+00   8.97970e-01   7.61528e-01   6.15588e-01
   2.50000e-03   5.86023e-01   7.16054e-01   8.42269e-01   9.52696e-01   1.04442e+00   1.11941e+00   1.18072e+00   1.23118e+00   1.27301e+00   1.30781e+00   1.33674e+00   1.36072e+00   1.38048e+00   1.39663e+00   1.40963e+00   1.41988e+00   1.42768e+00   1.43331e+00   1.43703e+00   1.43897e+00   1.43908e+00   1.43716e+00   1.43295e+00   1.42612e+00   1.41621e+00   1.40257e+00   1.38423e+00   1.36029e+00   1.33151e+00   1.30421e+00   1.29218e+00   1.30421e+00   1.33151e+00   1.36029e+00   1.38423e+00   1.40257e+00   1.41621e+00   1.42612e+00   1.43295e+00   1.43716e+00   1.43908e+00   1.43897e+00   1.43703e+00   1.43331e+00   1.42768e+00   1.41988e+00   1.40963e+00   1.39663e+00   1.38048e+00   1.36072e+00   1.33674e+00   1.30781e+00   1.27301e+00   1.23118e+00   1.18072e+00   1.11941e+00   1.04442e+00   9.52696e-01   8.42269e-01   7.16054e-01   5.86023e-01
   2.00000e-03   5.62945e-01   6.82137e-01   8.00550e-01   9.08251e-01   1.00088e+00   1.07835e+00   1.14244e+00   1.19536e+00   1.23913e+00   1.27539e+00   1.30540e+00   1.33018e+00   1.35055e+00   1.36714e+00   1.38049e+00   1.39099e+00   1.39900e+00   1.40478e+00   1.40856e+00   1.41045e+00   1.41042e+00   1.40831e+00   1.40388e+00   1.39684e+00   1.38681e+00   1.37333e+00   1.35593e+00   1.33460e+00   1.31105e+00   1.29071e+00   1.28232e+00   1.29071e+00   1.31105e+00   1.33460e+00   1.35593e+00   1.37333e+00   1.38681e+00   1.39684e+00   1.40388e+00   1.40831e+00   1.41042e+00   1.41045e+00   1.40856e+00   1.40478e+00   1.39900e+00   1.39099e+00   1.38049e+00   1.36714e+00   1.35055e+00   1.33018e+00   1.30540e+00   1.27539e+00   1.23913e+00   1.19536e+00   1.14244e+00   1.07835e+00   1.00088e+00   9.08251e-01   8.00550e-01   6.82137e-01   5.62945e-01
   1.50000e-03   5.45645e-01   6.57471e-01   7.70203e-01   8.75397e-01   9.68149e-01   1.04713e+00   1.11314e+00   1.16786e+00   1.21311e+00   1.25050e+00   1.28136e+00   1.30678e+00   1.32762e+00   1.34457e+00   1.35818e+00   1.36889e+00   1.37705e+00   1.38294e+00   1.38677e+00   1.38862e+00   1.38849e+00   1.38623e+00   1.38165e+00   1.37448e+00   1.36441e+00   1.35118e+00   1.33469e+00   1.31548e+00   1.29566e+00   1.27970e+00   1.27341e+00   1.27970e+00   1.29566e+00   1.31548e+00   1.33469e+00   1.35118e+00   1.36441e+00   1.37448e+00   1.38165e+00   1.38623e+00   1.38849e+00   1.38862e+00   1.38677e+00   1.38294e+00   1.37705e+00   1.36889e+00   1.35818e+00   1.34457e+00   1.32762e+00   1.30678e+00   1.28136e+00   1.25050e+00   1.21311e+00   1.16786e+00   1.11314e+00   1.04713e+00   9.68149e-01   8.75396e-01   7.70203e-01   6.57471e-01   5.45645e-01
   1.00000e-03   5.33616e-01   6.40661e-01   7.49544e-01   8.52803e-01   9.45379e-01   1.02522e+00   1.09247e+00   1.14842e+00   1.19470e+00   1.23289e+00   1.26436e+00   1.29024e+00   1.31142e+00   1.32862e+00   1.34242e+00   1.35328e+00   1.36156e+00   1.36752e+00   1.37137e+00   1.37321e+00   1.37300e+00   1.37065e+00   1.36597e+00   1.35872e+00   1.34867e+00   1.33568e+00   1.31991e+00   1.30225e+00   1.28489e+00   1.27158e+00   1.26650e+00   1.27158e+00   1.28489e+00   1.30225e+00   1.31991e+00   1.33568e+00   1.34867e+00   1.35872e+00   1.36597e+00   1.37065e+00   1.37300e+00   1.37321e+00   1.37137e+00   1.36752e+00   1.36156e+00   1.35328e+00   1.34242e+00   1.32862e+00   1.31142e+00   1.29024e+00   1.26436e+00   1.23289e+00   1.19470e+00   1.14842e+00   1.09247e+00   1.02522e+00   9.45379e-01   8.52803e-01   7.49544e-01   6.40661e-01   5.33616e-01
   5.00000e-04   5.26526e-01   6.30871e-01   7.37527e-01   8.39584e-01   9.31958e-01   1.01223e+00   1.08018e+00   1.13683e+00   1.18372e+00   1.22239e+00   1.25423e+00   1.28038e+00   1.30176e+00   1.31912e+00   1.33304e+00   1.34399e+00   1.35233e+00   1.35834e+00   1.36220e+00   1.36402e+00   1.36378e+00   1.36138e+00   1.35664e+00   1.34935e+00   1.33932e+00   1.32650e+00   1.31119e+00   1.29446e+00   1.27849e+00   1.26661e+00   1.26216e+00   1.26661e+00   1.27849e+00   1.29446e+00   1.31119e+00   1.32650e+00   1.33932e+00   1.34935e+00   1.35664e+00   1.36138e+00   1.36378e+00   1.36402e+00   1.36220e+00   1.35834e+00   1.35233e+00   1.34399e+00   1.33304e+00   1.31912e+00   1.30176e+00   1.28038e+00   1.25423e+00   1.22239e+00   1.18372e+00   1.13683e+00   1.08018e+00   1.01223e+00   9.31958e-01   8.39584e-01   7.37527e-01   6.30871e-01   5.26526e-01
   0.00000e+00   5.24184e-01   6.27655e-01   7.33582e-01   8.35232e-01   9.27524e-01   1.00793e+00   1.07609e+00   1.13298e+00   1.18007e+00   1.21890e+00   1.25087e+00   1.27711e+00   1.29856e+00   1.31597e+00   1.32993e+00   1.34090e+00   1.34926e+00   1.35529e+00   1.35916e+00   1.36097e+00   1.36072e+00   1.35830e+00   1.35354e+00   1.34624e+00   1.33622e+00   1.32346e+00   1.30831e+00   1.29188e+00   1.27637e+00   1.26494e+00   1.26069e+00   1.26494e+00   1.27637e+00   1.29188e+00   1.30831e+00   1.32346e+00   1.33622e+00   1.34624e+00   1.35354e+00   1.35830e+00   1.36072e+00   1.36097e+00   1.35916e+00   1.35529e+00   1.34926e+00   1.34090e+00   1.32993e+00   1.31597e+00   1.29856e+00   1.27711e+00   1.25087e+00   1.21890e+00   1.18007e+00   1.13298e+00   1.07609e+00   1.00793e+00   9.27524e-01   8.35232e-01   7.33582e-01   6.27655e-01   5.24184e-01
  -5.00000e-04   5.26526e-01   6.30871e-01   7.37527e-01   8.39584e-01   9.31958e-01   1.01223e+00   1.08018e+00   1.13683e+00   1.18372e+00   1.22239e+00   1.25423e+00   1.28038e+00   1.30176e+00   1.31912e+00   1.33304e+00   1.34399e+00   1.35233e+00   1.35834e+00   1.36220e+00   1.36402e+00   1.36378e+00   1.36138e+00   1.35664e+00   1.34935e+00   1.33932e+00   1.32650e+00   1.31119e+00   1.29446e+00   1.27849e+00   1.26661e+00   1.26216e+00   1.26661e+00   1.27849e+00   1.29446e+00   1.31119e+00   1.32650e+00   1.33932e+00   1.34935e+00   1.35664e+00   1.36138e+00   1.36378e+00   1.36402e+00   1.36220e+00   1.35834e+00   1.35233e+00   1.34399e+00   1.33304e+00   1.31912e+00   1.30176e+00   1.28038e+00   1.25423e+00   1.22239e+00   1.18372e+00   1.13683e+00   1.08018e+00   1.01223e+00   9.31958e-01   8.39584e-01   7.37527e-01   6.30871e-01   5.26526e-01
  -1.00000e-03   5.33616e-01   6.40661e-01   7.49544e-01   8.52803e-01   9.45379e-01   1.02522e+00   1.09247e+00   1.14842e+00   1.19470e+00   1.23289e+00   1.26436e+00   1.29024e+00   1.31142e+00   1.32862e+00   1.34242e+00   1.35328e+00   1.36156e+00   1.36752e+00   1.37137e+00   1.37321e+00   1.37300e+00   1.37065e+00   1.36597e+00   1.35872e+00   1.34867e+00   1.33568e+00   1.31991e+00   1.30225e+00   1.28489e+00   1.27158e+00   1.26650e+00   1.27158e+00   1.28489e+00   1.30225e+00   1.31991e+00   1.33568e+00   1.34867e+00   1.35872e+00   1.36597e+00   1.37065e+00   1.37300e+00   1.37321e+00   1.37137e+00   1.36752e+00   1.36156e+00   1.35328e+00   1.34242e+00   1.32862e+00   1.31142e+00   1.29024e+00   1.26436e+00   1.23289e+00   1.19470e+00   1.14842e+00   1.09247e+00   1.02522e+00   9.45379e-01   8.52803e-01   7.49544e-01   6.40661e-01   5.33616e-01
  -1.50000e-03   5.45645e-01   6.57471e-01   7.70203e-01   8.75396e-01   9.68149e-01   1.04713e+00   1.11314e+00   1.16786e+00   1.21311e+00   1.25050e+00   1.28136e+00   1.30678e+00   1.32762e+00   1.34457e+00   1.35818e+00   1.36889e+00   1.37705e+00   1.38294e+00   1.38677e+00   1.38862e+00   1.38849e+00   1.38623e+00   1.38165e+00   1.37448e+00   1.36441e+00   1.35118e+00   1.33469e+00   1.31548e+00   1.29566e+00   1.27970e+00   1.27341e+00   1.27970e+00   1.29566e+00   1.31548e+00   1.33469e+00   1.35118e+00   1.36441e+00   1.37448e+00   1.38165e+00   1.38623e+00   1.38849e+00   1.38862e+00   1.38677e+00   1.38294e+00   1.37705e+00   1.36889e+00   1.35818e+00   1.34457e+00   1.32762e+00   1.30678e+00   1.28136e+00   1.25050e+00   1.21311e+00   1.16786e+00   1.11314e+00   1.04713e+00   9.68149e-01   8.75396e-01   7.70203e-01   6.57471e-01   5.45645e-01
  -2.00000e-03   5.62945e-01   6.82137e-01   8.00550e-01   9.08251e-01   1.00088e+00   1.07835e+00   1.14244e+00   1.19536e+00   1.23913e+00   1.27539e+00   1.30540e+00   1.33018e+00   1.35055e+00   1.36714e+00   1.38049e+00   1.39099e+00   1.39900e+00   1.40478e+00   1.40856e+00   1.41045e+00   1.41042e+00   1.40831e+00   1.40388e+00   1.39684e+00   1.38681e+00   1.37333e+00   1.35593e+00   1.33460e+00   1.31105e+00   1.29071e+00   1.28232e+00   1.29071e+00   1.31105e+00   1.33460e+00   1.35593e+00   1.37333e+00   1.38681e+00   1.39684e+00   1.40388e+00   1.40831e+00   1.41042e+00   1.41045e+00   1.40856e+00   1.40478e+00   1.39900e+00   1.39099e+00   1.38049e+00   1.36714e+00   1.35055e+00   1.33018e+00   1.30540e+00   1.27539e+00   1.23913e+00   1.19536e+00   1.14244e+00   1.07835e+00   1.00088e+00   9.08251e-01   8.00550e-01   6.82137e-01   5.62945e-01
  -2.50000e-03   5.86023e-01   7.16054e-01   8.42269e-01   9.52696e-01   1.04442e+00   1.11941e+00   1.18072e+00   1.23118e+00   1.27301e+00   1.30781e+00   1.33674e+00   1.36072e+00   1.38048e+00   1.39663e+00   1.40963e+00   1.41988e+00   1.42768e+00   1.43331e+00   1.43703e+00   1.43897e+00   1.43908e+00   1.43716e+00   1.43295e+00   1.42612e+00   1.41621e+00   1.40257e+00   1.38423e+00   1.36029e+00   1.33151e+00   1.30421e+00   1.29218e+00   1.30421e+00   1.33151e+00   1.36029e+00   1.38423e+00   1.40257e+00   1.41621e+00   1.42612e+00   1.43295e+00   1.43716e+00   1.43908e+00   1.43897e+00   1.43703e+00   1.43331e+00   1.42768e+00   1.41988e+00   1.40963e+00   1.39663e+00   1.38048e+00   1.36072e+00   1.33674e+00   1.30781e+00   1.27301e+00   1.23118e+00   1.18072e+00   1.11941e+00   1.04442e+00   9.52696e-01   8.42269e-01   7.16054e-01   5.86023e-01
  -3.00000e-03   6.15588e-01   7.61528e-01   8.97970e-01   1.01058e+00   1.09989e+00   1.17098e+00   1.22844e+00   1.27570e+00   1.31512e+00   1.34815e+00   1.37578e+00   1.39878e+00   1.41782e+00   1.43342e+00   1.44602e+00   1.45594e+00   1.46348e+00   1.46892e+00   1.47255e+00   1.47457e+00   1.47488e+00   1.47322e+00   1.46929e+00   1.46277e+00   1.45313e+00   1.43951e+00   1.42043e+00   1.39369e+00   1.35799e+00   1.31961e+00   1.30106e+00   1.31961e+00   1.35799e+00   1.39369e+00   1.42043e+00   1.43951e+00   1.45313e+00   1.46277e+00   1.46929e+00   1.47322e+00   1.47488e+00   1.47457e+00   1.47255e+00   1.46892e+00   1.46348e+00   1.45594e+00   1.44602e+00   1.43342e+00   1.41782e+00   1.39878e+00   1.37578e+00   1.34815e+00   1.31512e+00   1.27570e+00   1.22844e+00   1.17098e+00   1.09989e+00   1.01058e+00   8.97970e-01   7.61528e-01   6.15588e-01
  -3.50000e-03   6.52593e-01   8.22536e-01   9.71669e-01   1.08434e+00   1.16862e+00   1.23389e+00   1.28620e+00   1.32943e+00   1.36597e+00   1.39695e+00   1.42306e+00   1.44494e+00   1.46314e+00   1.47811e+00   1.49023e+00   1.49978e+00   1.50701e+00   1.51219e+00   1.51568e+00   1.51780e+00   1.51839e+00   1.51707e+00   1.51351e+00   1.50740e+00   1.49822e+00   1.48498e+00   1.46566e+00   1.43650e+00   1.39242e+00   1.33638e+00   1.30533e+00   1.33638e+00   1.39242e+00   1.43650e+00   1.46566e+00   1.48498e+00   1.49822e+00   1.50740e+00   1.51351e+00   1.51707e+00   1.51839e+00   1.51780e+00   1.51568e+00   1.51219e+00   1.50701e+00   1.49978e+00   1.49023e+00   1.47811e+00   1.46314e+00   1.44494e+00   1.42306e+00   1.39695e+00   1.36597e+00   1.32943e+00   1.28620e+00   1.23389e+00   1.16862e+00   1.08434e+00   9.71669e-01   8.22536e-01   6.52593e-01
  -4.00000e-03   6.98195e-01   9.06541e-01   1.06953e+00   1.17703e+00   1.25219e+00   1.30918e+00   1.35484e+00   1.39315e+00   1.42642e+00   1.45511e+00   1.47952e+00   1.50013e+00   1.51738e+00   1.53165e+00   1.54324e+00   1.55237e+00   1.55923e+00   1.56405e+00   1.56731e+00   1.56961e+00   1.57060e+00   1.56968e+00   1.56658e+00   1.56101e+00   1.55250e+00   1.54011e+00   1.52147e+00   1.49121e+00   1.43868e+00   1.35480e+00   1.29744e+00   1.35480e+00   1.43868e+00   1.49121e+00   1.52147e+00   1.54011e+00   1.55250e+00   1.56101e+00   1.56658e+00   1.56968e+00   1.57060e+00   1.56961e+00   1.56731e+00   1.56405e+00   1.55923e+00   1.55237e+00   1.54324e+00   1.53165e+00   1.51738e+00   1.50013e+00   1.47952e+00   1.45511e+00   1.42642e+00   1.39315e+00   1.35484e+00   1.30918e+00   1.25219e+00   1.17703e+00   1.06953e+00   9.06541e-01   6.98195e-01
  -4.50000e-03   7.53189e-01   1.02958e+00   1.20087e+00   1.29246e+00   1.35286e+00   1.39874e+00   1.43610e+00   1.46852e+00   1.49832e+00   1.52456e+00   1.54711e+00   1.56631e+00   1.58253e+00   1.59603e+00   1.60703e+00   1.61571e+00   1.62217e+00   1.62651e+00   1.62933e+00   1.63197e+00   1.63352e+00   1.63309e+00   1.63052e+00   1.62560e+00   1.61797e+00   1.60702e+00   1.59033e+00   1.56163e+00   1.50445e+00   1.38009e+00   1.26002e+00   1.38009e+00   1.50445e+00   1.56163e+00   1.59033e+00   1.60702e+00   1.61797e+00   1.62560e+00   1.63052e+00   1.63309e+00   1.63352e+00   1.63197e+00   1.62933e+00   1.62651e+00   1.62217e+00   1.61571e+00   1.60703e+00   1.59603e+00   1.58253e+00   1.56631e+00   1.54711e+00   1.52456e+00   1.49832e+00   1.46852e+00   1.43610e+00   1.39874e+00   1.35286e+00   1.29246e+00   1.20087e+00   1.02958e+00   7.53189e-01
  -5.00000e-03   8.13733e-01   1.23349e+00   1.37974e+00   1.43729e+00   1.47630e+00   1.50829e+00   1.53578e+00   1.56110e+00   1.58777e+00   1.61148e+00   1.63202e+00   1.64973e+00   1.66485e+00   1.67754e+00   1.68795e+00   1.69617e+00   1.70221e+00   1.70597e+00   1.70780e+00   1.71122e+00   1.71357e+00   1.71367e+00   1.71167e+00   1.70751e+00   1.70089e+00   1.69198e+00   1.67875e+00   1.65541e+00   1.60454e+00   1.44071e+00   1.14647e+00   1.44071e+00   1.60454e+00   1.65542e+00   1.67875e+00   1.69198e+00   1.70089e+00   1.70751e+00   1.71167e+00   1.71367e+00   1.71357e+00   1.71122e+00   1.70780e+00   1.70597e+00   1.70221e+00   1.69617e+00   1.68795e+00   1.67754e+00   1.66485e+00   1.64973e+00   1.63202e+00   1.61148e+00   1.58777e+00   1.56110e+00   1.53578e+00   1.50829e+00   1.47630e+00   1.43729e+00   1.37974e+00   1.23349e+00   8.13733e-01
  -5.50000e-03   8.39182e-01   1.64931e+00   1.64242e+00   1.64482e+00   1.65693e+00   1.67316e+00   1.68992e+00   1.70561e+00   1.73134e+00   1.75253e+00   1.77112e+00   1.78742e+00   1.80153e+00   1.81349e+00   1.82338e+00   1.83120e+00   1.83691e+00   1.84016e+00   1.83922e+00   1.84518e+00   1.84839e+00   1.84899e+00   1.84759e+00   1.84426e+00   1.83858e+00   1.83227e+00   1.82376e+00   1.80950e+00   1.78183e+00   1.67137e+00   8.32876e-01   1.67137e+00   1.78183e+00   1.80950e+00   1.82376e+00   1.83227e+00   1.83858e+00   1.84426e+00   1.84759e+00   1.84899e+00   1.84839e+00   1.84518e+00   1.83922e+00   1.84016e+00   1.83691e+00   1.83120e+00   1.82338e+00   1.81349e+00   1.80153e+00   1.78742e+00   1.77112e+00   1.75253e+00   1.73134e+00   1.70561e+00   1.68992e+00   1.67316e+00   1.65693e+00   1.64482e+00   1.64242e+00   1.64931e+00   8.39182e-01
  -6.00000e-03   7.01947e-01   1.87871e+00   1.57495e+00   1.50021e+00   1.47452e+00   1.46815e+00   1.47008e+00   1.47420e+00   1.49171e+00   1.50699e+00   1.52106e+00   1.53383e+00   1.54516e+00   1.55493e+00   1.56310e+00   1.56961e+00   1.57437e+00   1.57700e+00   1.57572e+00   1.58141e+00   1.58456e+00   1.58554e+00   1.58497e+00   1.58303e+00   1.57953e+00   1.57707e+00   1.57482e+00   1.57383e+00   1.58334e+00   1.69571e+00   3.77092e-01   1.69571e+00   1.58334e+00   1.57383e+00   1.57482e+00   1.57706e+00   1.57953e+00   1.58303e+00   1.58497e+00   1.58553e+00   1.58455e+00   1.58140e+00   1.57572e+00   1.57700e+00   1.57436e+00   1.56961e+00   1.56310e+00   1.55493e+00   1.54515e+00   1.53383e+00   1.52105e+00   1.50698e+00   1.49170e+00   1.47420e+00   1.47007e+00   1.46814e+00   1.47452e+00   1.50021e+00   1.57495e+00   1.87870e+00   7.01947e-01
  -6.50000e-03   5.48118e-01   1.98815e+00   1.62908e+00   1.50203e+00   1.44780e+00   1.42451e+00   1.41621e+00   1.41606e+00   1.42497e+00   1.43572e+00   1.44658e+00   1.45692e+00   1.46638e+00   1.47471e+00   1.48177e+00   1.48748e+00   1.49170e+00   1.49426e+00   1.49532e+00   1.49891e+00   1.50156e+00   1.50278e+00   1.50287e+00   1.50208e+00   1.50073e+00   1.50130e+00   1.50377e+00   1.51307e+00   1.54755e+00   1.70239e+00   1.97557e-01   1.70239e+00   1.54755e+00   1.51307e+00   1.50376e+00   1.50130e+00   1.50073e+00   1.50207e+00   1.50286e+00   1.50277e+00   1.50156e+00   1.49891e+00   1.49532e+00   1.49426e+00   1.49170e+00   1.48747e+00   1.48177e+00   1.47471e+00   1.46637e+00   1.45692e+00   1.44657e+00   1.43572e+00   1.42496e+00   1.41605e+00   1.41620e+00   1.42450e+00   1.44779e+00   1.50202e+00   1.62907e+00   1.98815e+00   5.48118e-01
  -7.00000e-03   4.64176e-01   2.02702e+00   1.69427e+00   1.53773e+00   1.46191e+00   1.42499e+00   1.40832e+00   1.40288e+00   1.40622e+00   1.41311e+00   1.42123e+00   1.42953e+00   1.43742e+00   1.44455e+00   1.45070e+00   1.45575e+00   1.45959e+00   1.46218e+00   1.46399e+00   1.46698e+00   1.46920e+00   1.47059e+00   1.47123e+00   1.47145e+00   1.47187e+00   1.47489e+00   1.48106e+00   1.49695e+00   1.53993e+00   1.65496e+00   1.35262e-01   1.65496e+00   1.53993e+00   1.49694e+00   1.48106e+00   1.47489e+00   1.47186e+00   1.47145e+00   1.47123e+00   1.47058e+00   1.46920e+00   1.46697e+00   1.46399e+00   1.46218e+00   1.45958e+00   1.45574e+00   1.45070e+00   1.44454e+00   1.43741e+00   1.42953e+00   1.42123e+00   1.41311e+00   1.40622e+00   1.40287e+00   1.40831e+00   1.42498e+00   1.46190e+00   1.53773e+00   1.69426e+00   2.02701e+00   4.64176e-01
  -7.50000e-03   4.15660e-01   2.04537e+00   1.73733e+00   1.56691e+00   1.47662e+00   1.42960e+00   1.40629e+00   1.39614e+00   1.39528e+00   1.39891e+00   1.40461e+00   1.41107e+00   1.41753e+00   1.42356e+00   1.42888e+00   1.43333e+00   1.43683e+00   1.43940e+00   1.44144e+00   1.44417e+00   1.44616e+00   1.44767e+00   1.44878e+00   1.44986e+00   1.45165e+00   1.45654e+00   1.46520e+00   1.48398e+00   1.52466e+00   1.60147e+00   1.01910e-01   1.60147e+00   1.52466e+00   1.48397e+00   1.46520e+00   1.45653e+00   1.45164e+00   1.44986e+00   1.44877e+00   1.44766e+00   1.44615e+00   1.44417e+00   1.44143e+00   1.43940e+00   1.43682e+00   1.43333e+00   1.42888e+00   1.42356e+00   1.41753e+00   1.41107e+00   1.40461e+00   1.39891e+00   1.39528e+00   1.39614e+00   1.40628e+00   1.42960e+00   1.47661e+00   1.56690e+00   1.73732e+00   2.04537e+00   4.15660e-01
