# Author : T. Tanabe
# EPU70LV
# Undulator Length [m]
1.82
# Number of Horizontal Points
61
# Number of Vertical Points
31
# Horizontal Kick [micro-rad]
START
                -3.00000e-02  -2.90000e-02  -2.80000e-02  -2.70000e-02  -2.60000e-02  -2.50000e-02  -2.40000e-02  -2.30000e-02  -2.20000e-02  -2.10000e-02  -2.00000e-02  -1.90000e-02  -1.80000e-02  -1.70000e-02  -1.60000e-02  -1.50000e-02  -1.40000e-02  -1.30000e-02  -1.20000e-02  -1.10000e-02  -1.00000e-02  -9.00000e-03  -8.00000e-03  -7.00000e-03  -6.00000e-03  -5.00000e-03  -4.00000e-03  -3.00000e-03  -2.00000e-03  -1.00000e-03   0.00000e+00   1.00000e-03   2.00000e-03   3.00000e-03   4.00000e-03   5.00000e-03   6.00000e-03   7.00000e-03   8.00000e-03   9.00000e-03   1.00000e-02   1.10000e-02   1.20000e-02   1.30000e-02   1.40000e-02   1.50000e-02   1.60000e-02   1.70000e-02   1.80000e-02   1.90000e-02   2.00000e-02   2.10000e-02   2.20000e-02   2.30000e-02   2.40000e-02   2.50000e-02   2.60000e-02   2.70000e-02   2.80000e-02   2.90000e-02   3.00000e-02
   7.50000e-03  -2.83314e+01   2.16473e+02   1.32768e+02   8.13439e+01   5.20745e+01   3.52183e+01   2.43558e+01   1.57546e+01   9.84116e+00   5.78164e+00   2.69122e+00  -1.76226e-03  -2.54406e+00  -5.08569e+00  -7.75835e+00  -1.07174e+01  -1.42489e+01  -1.90370e+01  -2.38431e+01  -3.38723e+01  -4.06038e+01  -4.85560e+01  -5.91154e+01  -7.38143e+01  -9.46078e+01  -1.25539e+02  -1.63496e+02  -2.19683e+02  -3.02973e+02  -4.37349e+02   7.56503e-03   4.37361e+02   3.02982e+02   2.19688e+02   1.63499e+02   1.25670e+02   9.46085e+01   7.38143e+01   5.91156e+01   4.85568e+01   4.06049e+01   3.38730e+01   2.38431e+01   1.90371e+01   1.42488e+01   1.07175e+01   7.75800e+00   5.08574e+00   2.54362e+00   1.63856e-03  -2.69146e+00  -5.78203e+00  -9.84181e+00  -1.57560e+01  -2.43576e+01  -3.52208e+01  -5.20781e+01  -8.13493e+01  -1.32777e+02  -2.16478e+02   2.83219e+01
   7.00000e-03  -5.23139e+01   2.52143e+02   1.37677e+02   7.93545e+01   5.02497e+01   3.43119e+01   2.42635e+01   1.50579e+01   8.88452e+00   5.25178e+00   2.40947e+00  -1.49374e-01  -2.59963e+00  -5.05721e+00  -7.62410e+00  -1.04166e+01  -1.36495e+01  -1.80968e+01  -2.41099e+01  -3.49382e+01  -4.06233e+01  -4.79100e+01  -5.79081e+01  -7.20408e+01  -9.36810e+01  -1.26962e+02  -1.64978e+02  -2.27523e+02  -3.37302e+02  -5.29853e+02   7.98857e-03   5.29869e+02   3.37309e+02   2.27526e+02   1.64981e+02   1.26963e+02   9.37188e+01   7.20418e+01   5.79087e+01   4.79105e+01   4.06241e+01   3.49390e+01   2.41101e+01   1.80967e+01   1.36494e+01   1.04167e+01   7.62418e+00   5.05703e+00   2.59979e+00   1.49469e-01  -2.40988e+00  -5.25211e+00  -8.88522e+00  -1.50585e+01  -2.42653e+01  -3.43139e+01  -5.02532e+01  -7.93599e+01  -1.37678e+02  -2.52158e+02   5.23031e+01
   6.50000e-03  -1.06074e+02   3.29688e+02   1.36907e+02   7.38708e+01   4.68344e+01   3.26725e+01   2.44462e+01   1.37512e+01   7.50726e+00   4.66916e+00   2.11462e+00  -3.07303e-01  -2.66770e+00  -5.04418e+00  -7.50916e+00  -1.01285e+01  -1.29755e+01  -1.64730e+01  -2.45699e+01  -3.67733e+01  -4.04354e+01  -4.70306e+01  -5.63441e+01  -6.92332e+01  -9.11460e+01  -1.28958e+02  -1.63028e+02  -2.28925e+02  -3.66949e+02  -6.96570e+02   1.10607e-02   6.96593e+02   3.66954e+02   2.28927e+02   1.63030e+02   1.28960e+02   9.11461e+01   6.92704e+01   5.63440e+01   4.70312e+01   4.04355e+01   3.67743e+01   2.45700e+01   1.64730e+01   1.29757e+01   1.01288e+01   7.50919e+00   5.04420e+00   2.66806e+00   3.07211e-01  -2.11499e+00  -4.66940e+00  -7.50736e+00  -1.37519e+01  -2.44481e+01  -3.26746e+01  -4.68370e+01  -7.38677e+01  -1.36915e+02  -3.29707e+02   1.06061e+02
   6.00000e-03  -2.65064e+02   4.45720e+02   1.20708e+02   6.47179e+01   4.22692e+01   3.05304e+01   2.50540e+01   7.36803e+00   6.03198e+00   4.18405e+00   1.88177e+00  -4.24511e-01  -2.70854e+00  -5.01457e+00  -7.38918e+00  -9.84896e+00  -1.22982e+01  -1.41464e+01  -2.08643e+01  -3.84228e+01  -3.98545e+01  -4.59580e+01  -5.45274e+01  -6.55809e+01  -8.07508e+01  -1.31427e+02  -1.56342e+02  -2.20416e+02  -3.70346e+02  -1.01634e+03   3.31908e-03   1.01636e+03   3.70345e+02   2.20416e+02   1.56344e+02   1.31429e+02   8.07497e+01   6.55804e+01   5.45271e+01   4.59581e+01   3.98549e+01   3.84241e+01   2.08625e+01   1.41463e+01   1.22980e+01   9.84898e+00   7.38921e+00   5.01479e+00   2.70873e+00   4.24464e-01  -1.88148e+00  -4.18399e+00  -6.03186e+00  -7.36773e+00  -2.50554e+01  -3.05319e+01  -4.22644e+01  -6.47201e+01  -1.20712e+02  -4.45739e+02   2.65056e+02
   5.50000e-03  -2.99036e+02   1.60892e+02   8.08189e+01   5.02506e+01   3.54864e+01   2.69667e+01   2.29860e+01   4.37592e+00   6.13014e+00   4.66460e+00   2.50210e+00   2.69410e-01  -1.95889e+00  -4.20093e+00  -6.48101e+00  -8.77624e+00  -1.08748e+01  -1.15335e+01  -7.89255e-01  -3.21635e+01  -3.45083e+01  -3.99570e+01  -4.72570e+01  -5.57885e+01  -5.83765e+01  -1.00365e+02  -1.28108e+02  -1.79037e+02  -2.93097e+02  -7.01821e+02  -2.63657e-02   7.01802e+02   2.93091e+02   1.79035e+02   1.28107e+02   1.00366e+02   5.83752e+01   5.57883e+01   4.72572e+01   3.99572e+01   3.45088e+01   3.21652e+01   7.88014e-01   1.15331e+01   1.08749e+01   8.77569e+00   6.48093e+00   4.20084e+00   1.95898e+00  -2.69574e-01  -2.50230e+00  -4.66504e+00  -6.12982e+00  -4.37527e+00  -2.29875e+01  -2.69674e+01  -3.54876e+01  -5.02512e+01  -8.08186e+01  -1.60879e+02   2.99057e+02
   5.00000e-03  -1.31420e+02   4.64769e+00   4.54248e+01   3.69902e+01   2.87212e+01   2.26456e+01   1.81403e+01   1.02211e+01   6.22254e+00   4.23403e+00   2.09719e+00  -6.33232e-02  -2.22502e+00  -4.41287e+00  -6.65310e+00  -8.93303e+00  -1.11042e+01  -1.25847e+01  -1.53548e+01  -2.72628e+01  -3.27111e+01  -3.85700e+01  -4.56855e+01  -5.37783e+01  -6.17715e+01  -8.60722e+01  -1.15055e+02  -1.55145e+02  -2.25682e+02  -2.99820e+02  -2.26165e-02   2.99791e+02   2.25673e+02   1.55140e+02   1.15054e+02   8.60723e+01   6.17708e+01   5.37778e+01   4.56854e+01   3.85702e+01   3.27118e+01   2.72642e+01   1.53549e+01   1.25845e+01   1.11042e+01   8.93285e+00   6.65339e+00   4.41277e+00   2.22509e+00   6.31726e-02  -2.09680e+00  -4.23364e+00  -6.22231e+00  -1.02215e+01  -1.81411e+01  -2.26456e+01  -2.87217e+01  -3.69895e+01  -4.54213e+01  -4.63161e+00   1.31439e+02
   4.50000e-03  -6.22939e+01  -9.68924e+00   2.48880e+01   2.71967e+01   2.34253e+01   1.91750e+01   1.50260e+01   9.97022e+00   6.30670e+00   3.96546e+00   1.80321e+00  -3.21355e-01  -2.44238e+00  -4.59749e+00  -6.82064e+00  -9.12078e+00  -1.14496e+01  -1.37755e+01  -1.77505e+01  -2.51040e+01  -3.12394e+01  -3.73673e+01  -4.43761e+01  -5.23858e+01  -6.22193e+01  -7.97293e+01  -1.02675e+02  -1.31086e+02  -1.65626e+02  -1.58457e+02  -1.61211e-02   1.58433e+02   1.65615e+02   1.31081e+02   1.02673e+02   7.97282e+01   6.22188e+01   5.23858e+01   4.43759e+01   3.73674e+01   3.12397e+01   2.51047e+01   1.77505e+01   1.37755e+01   1.14493e+01   9.12082e+00   6.82018e+00   4.59739e+00   2.44243e+00   3.21560e-01  -1.80337e+00  -3.96546e+00  -6.30690e+00  -9.97043e+00  -1.50266e+01  -1.91754e+01  -2.34252e+01  -2.71946e+01  -2.48830e+01   9.70146e+00   6.23068e+01
   4.00000e-03  -3.25249e+01  -6.18673e+00   1.57593e+01   2.09250e+01   1.96028e+01   1.65900e+01   1.30971e+01   9.32132e+00   6.17165e+00   3.74860e+00   1.56839e+00  -5.38203e-01  -2.63520e+00  -4.77175e+00  -6.99182e+00  -9.32807e+00  -1.18071e+01  -1.45890e+01  -1.85638e+01  -2.42679e+01  -3.02018e+01  -3.63864e+01  -4.33020e+01  -5.12077e+01  -6.09499e+01  -7.47720e+01  -9.18914e+01  -1.10153e+02  -1.22698e+02  -9.72036e+01  -1.18259e-02   9.71854e+01   1.22687e+02   1.10146e+02   9.18877e+01   7.47704e+01   6.09490e+01   5.12073e+01   4.33017e+01   3.63866e+01   3.02019e+01   2.42684e+01   1.85639e+01   1.45887e+01   1.18070e+01   9.32797e+00   6.99171e+00   4.77180e+00   2.63525e+00   5.38081e-01  -1.56838e+00  -3.74844e+00  -6.17184e+00  -9.32160e+00  -1.30972e+01  -1.65896e+01  -1.96020e+01  -2.09227e+01  -1.57541e+01   6.19575e+00   3.25346e+01
   3.50000e-03  -1.71295e+01  -1.40957e+00   1.24908e+01   1.73965e+01   1.70971e+01   1.48200e+01   1.18619e+01   8.74373e+00   5.94426e+00   3.55368e+00   1.37444e+00  -7.21477e-01  -2.80499e+00  -4.93264e+00  -7.15655e+00  -9.52741e+00  -1.21112e+01  -1.50888e+01  -1.89371e+01  -2.39164e+01  -2.95268e+01  -3.56308e+01  -4.24262e+01  -5.01215e+01  -5.92165e+01  -7.04522e+01  -8.29139e+01  -9.35027e+01  -9.41992e+01  -6.61515e+01  -8.94638e-03   6.61363e+01   9.41900e+01   9.34963e+01   8.29105e+01   7.04513e+01   5.92151e+01   5.01210e+01   4.24259e+01   3.56309e+01   2.95270e+01   2.39167e+01   1.89370e+01   1.50887e+01   1.21113e+01   9.52743e+00   7.15659e+00   4.93243e+00   2.80503e+00   7.21570e-01  -1.37442e+00  -3.55368e+00  -5.94428e+00  -8.74385e+00  -1.18618e+01  -1.48196e+01  -1.70961e+01  -1.73942e+01  -1.24864e+01   1.41652e+00   1.71366e+01
   3.00000e-03  -8.11237e+00   2.52233e+00   1.17756e+01   1.56582e+01   1.56135e+01   1.37053e+01   1.10829e+01   8.31297e+00   5.72123e+00   3.38320e+00   1.21384e+00  -8.74885e-01  -2.95136e+00  -5.07548e+00  -7.30549e+00  -9.70251e+00  -1.23478e+01  -1.53996e+01  -1.91423e+01  -2.37576e+01  -2.91016e+01  -3.50722e+01  -4.17219e+01  -4.91415e+01  -5.74959e+01  -6.67661e+01  -7.56998e+01  -8.09441e+01  -7.55631e+01  -4.89640e+01  -6.86634e-03   4.89520e+01   7.55545e+01   8.09387e+01   7.56966e+01   6.67641e+01   5.74946e+01   4.91413e+01   4.17216e+01   3.50722e+01   2.91017e+01   2.37579e+01   1.91424e+01   1.53995e+01   1.23479e+01   9.70253e+00   7.30547e+00   5.07552e+00   2.95145e+00   8.74851e-01  -1.21382e+00  -3.38325e+00  -5.72116e+00  -8.31287e+00  -1.10828e+01  -1.37048e+01  -1.56122e+01  -1.56560e+01  -1.17717e+01  -2.51693e+00   8.11782e+00
   2.50000e-03  -2.41187e+00   5.49816e+00   1.20554e+01   1.49574e+01   1.48360e+01   1.30685e+01   1.06203e+01   8.02447e+00   5.54349e+00   3.24377e+00   1.08411e+00  -1.00075e+00  -3.07417e+00  -5.19771e+00  -7.43308e+00  -9.84709e+00  -1.25248e+01  -1.56004e+01  -1.92709e+01  -2.36864e+01  -2.88383e+01  -3.46716e+01  -4.11678e+01  -4.83015e+01  -5.59771e+01  -6.37391e+01  -7.00853e+01  -7.17722e+01  -6.33383e+01  -3.88734e+01  -5.26130e-03   3.88639e+01   6.33312e+01   7.17675e+01   7.00824e+01   6.37373e+01   5.59760e+01   4.83014e+01   4.11677e+01   3.46714e+01   2.88382e+01   2.36863e+01   1.92709e+01   1.56004e+01   1.25247e+01   9.84709e+00   7.43302e+00   5.19766e+00   3.07424e+00   1.00082e+00  -1.08409e+00  -3.24380e+00  -5.54333e+00  -8.02431e+00  -1.06201e+01  -1.30680e+01  -1.48349e+01  -1.49552e+01  -1.20523e+01  -5.49413e+00   2.41600e+00
   2.00000e-03   1.34087e+00   7.68264e+00   1.26427e+01   1.47963e+01   1.44987e+01   1.27507e+01   1.03717e+01   7.85052e+00   5.41880e+00   3.13820e+00   9.83115e-01  -1.10059e+00  -3.17349e+00  -5.29765e+00  -7.53697e+00  -9.96085e+00  -1.26542e+01  -1.57351e+01  -1.93584e+01  -2.36579e+01  -2.86773e+01  -3.43922e+01  -4.07462e+01  -4.76204e+01  -5.47307e+01  -6.13574e+01  -6.58581e+01  -6.52375e+01  -5.52928e+01  -3.27142e+01  -3.95120e-03   3.27070e+01   5.52871e+01   6.52331e+01   6.58559e+01   6.13557e+01   5.47295e+01   4.76201e+01   4.07463e+01   3.43920e+01   2.86775e+01   2.36580e+01   1.93585e+01   1.57352e+01   1.26542e+01   9.96079e+00   7.53694e+00   5.29757e+00   3.17350e+00   1.10061e+00  -9.83101e-01  -3.13814e+00  -5.41878e+00  -7.85036e+00  -1.03715e+01  -1.27502e+01  -1.44978e+01  -1.47947e+01  -1.26403e+01  -7.67954e+00  -1.33758e+00
   1.50000e-03   3.82891e+00   9.23555e+00   1.32385e+01   1.48753e+01   1.44042e+01   1.26247e+01   1.02579e+01   7.75791e+00   5.34033e+00   3.06405e+00   9.08711e-01  -1.17599e+00  -3.24962e+00  -5.37479e+00  -7.61670e+00  -1.00458e+01  -1.27462e+01  -1.58265e+01  -1.94201e+01  -2.36508e+01  -2.85817e+01  -3.42044e+01  -4.04405e+01  -4.71018e+01  -5.37753e+01  -5.95798e+01  -6.28093e+01  -6.07273e+01  -5.00466e+01  -2.88997e+01  -2.82973e-03   2.88957e+01   5.00424e+01   6.07246e+01   6.28073e+01   5.95788e+01   5.37746e+01   4.71007e+01   4.04399e+01   3.42046e+01   2.85817e+01   2.36507e+01   1.94202e+01   1.58265e+01   1.27462e+01   1.00458e+01   7.61665e+00   5.37481e+00   3.24962e+00   1.17597e+00  -9.08700e-01  -3.06401e+00  -5.34027e+00  -7.75784e+00  -1.02577e+01  -1.26242e+01  -1.44033e+01  -1.48739e+01  -1.32368e+01  -9.23325e+00  -3.82640e+00
   1.00000e-03   5.41699e+00   1.02719e+01   1.37135e+01   1.50210e+01   1.44178e+01   1.25966e+01   1.02187e+01   7.71600e+00   5.29614e+00   3.01661e+00   8.58303e-01  -1.22840e+00  -3.30325e+00  -5.42944e+00  -7.67281e+00  -1.01045e+01  -1.28078e+01  -1.58861e+01  -1.94623e+01  -2.36526e+01  -2.85279e+01  -3.40862e+01  -4.02339e+01  -4.67393e+01  -5.31057e+01  -5.83550e+01  -6.07612e+01  -5.77953e+01  -4.67673e+01  -2.65957e+01  -1.82797e-03   2.65923e+01   4.67640e+01   5.77938e+01   6.07601e+01   5.83542e+01   5.31054e+01   4.67386e+01   4.02339e+01   3.40859e+01   2.85279e+01   2.36526e+01   1.94623e+01   1.58861e+01   1.28078e+01   1.01045e+01   7.67279e+00   5.42945e+00   3.30325e+00   1.22840e+00  -8.58285e-01  -3.01659e+00  -5.29608e+00  -7.71594e+00  -1.02185e+01  -1.25963e+01  -1.44174e+01  -1.50202e+01  -1.37124e+01  -1.02704e+01  -5.41556e+00
   5.00000e-04   6.30373e+00   1.08663e+01   1.40127e+01   1.51392e+01   1.44561e+01   1.26035e+01   1.02118e+01   7.70087e+00   5.27484e+00   2.99067e+00   8.29296e-01  -1.25922e+00  -3.33510e+00  -5.46200e+00  -7.70610e+00  -1.01389e+01  -1.28433e+01  -1.59202e+01  -1.94871e+01  -2.36564e+01  -2.85008e+01  -3.40208e+01  -4.01158e+01  -4.65263e+01  -5.27103e+01  -5.76396e+01  -5.95842e+01  -5.61462e+01  -4.49664e+01  -2.53566e+01  -8.97350e-04   2.53549e+01   4.49651e+01   5.61452e+01   5.95841e+01   5.76394e+01   5.27098e+01   4.65260e+01   4.01159e+01   3.40208e+01   2.85009e+01   2.36564e+01   1.94870e+01   1.59203e+01   1.28433e+01   1.01389e+01   7.70610e+00   5.46199e+00   3.33510e+00   1.25922e+00  -8.29285e-01  -2.99066e+00  -5.27483e+00  -7.70084e+00  -1.02117e+01  -1.26033e+01  -1.44558e+01  -1.51389e+01  -1.40121e+01  -1.08656e+01  -6.30306e+00
   0.00000e+00   6.58900e+00   1.10599e+01   1.41142e+01   1.51832e+01   1.44734e+01   1.26096e+01   1.02122e+01   7.69751e+00   5.26866e+00   2.98248e+00   8.19846e-01  -1.26938e+00  -3.34566e+00  -5.47280e+00  -7.71713e+00  -1.01503e+01  -1.28549e+01  -1.59312e+01  -1.94953e+01  -2.36580e+01  -2.84926e+01  -3.40000e+01  -4.00771e+01  -4.64556e+01  -5.25799e+01  -5.74045e+01  -5.92001e+01  -5.56138e+01  -4.43930e+01  -2.49648e+01   0.00000e+00   2.49648e+01   4.43930e+01   5.56138e+01   5.92001e+01   5.74045e+01   5.25799e+01   4.64556e+01   4.00771e+01   3.40000e+01   2.84926e+01   2.36580e+01   1.94953e+01   1.59313e+01   1.28549e+01   1.01503e+01   7.71714e+00   5.47280e+00   3.34566e+00   1.26938e+00  -8.19847e-01  -2.98248e+00  -5.26866e+00  -7.69751e+00  -1.02122e+01  -1.26097e+01  -1.44734e+01  -1.51832e+01  -1.41142e+01  -1.10599e+01  -6.58900e+00
  -5.00000e-04   6.30313e+00   1.08656e+01   1.40121e+01   1.51388e+01   1.44558e+01   1.26033e+01   1.02117e+01   7.70084e+00   5.27482e+00   2.99066e+00   8.29287e-01  -1.25922e+00  -3.33510e+00  -5.46200e+00  -7.70611e+00  -1.01389e+01  -1.28433e+01  -1.59203e+01  -1.94870e+01  -2.36564e+01  -2.85009e+01  -3.40208e+01  -4.01159e+01  -4.65260e+01  -5.27098e+01  -5.76394e+01  -5.95841e+01  -5.61452e+01  -4.49651e+01  -2.53549e+01   8.97347e-04   2.53566e+01   4.49665e+01   5.61462e+01   5.95842e+01   5.76396e+01   5.27103e+01   4.65261e+01   4.01158e+01   3.40208e+01   2.85008e+01   2.36563e+01   1.94870e+01   1.59202e+01   1.28433e+01   1.01389e+01   7.70610e+00   5.46201e+00   3.33511e+00   1.25922e+00  -8.29296e-01  -2.99067e+00  -5.27485e+00  -7.70087e+00  -1.02118e+01  -1.26035e+01  -1.44561e+01  -1.51393e+01  -1.40127e+01  -1.08663e+01  -6.30380e+00
  -1.00000e-03   5.41556e+00   1.02705e+01   1.37124e+01   1.50202e+01   1.44173e+01   1.25962e+01   1.02185e+01   7.71594e+00   5.29610e+00   3.01658e+00   8.58294e-01  -1.22841e+00  -3.30325e+00  -5.42945e+00  -7.67280e+00  -1.01045e+01  -1.28078e+01  -1.58861e+01  -1.94623e+01  -2.36526e+01  -2.85279e+01  -3.40859e+01  -4.02339e+01  -4.67386e+01  -5.31053e+01  -5.83542e+01  -6.07601e+01  -5.77938e+01  -4.67640e+01  -2.65923e+01   1.82794e-03   2.65957e+01   4.67673e+01   5.77953e+01   6.07612e+01   5.83550e+01   5.31057e+01   4.67393e+01   4.02339e+01   3.40862e+01   2.85278e+01   2.36526e+01   1.94622e+01   1.58861e+01   1.28078e+01   1.01045e+01   7.67282e+00   5.42946e+00   3.30325e+00   1.22839e+00  -8.58303e-01  -3.01660e+00  -5.29614e+00  -7.71600e+00  -1.02187e+01  -1.25966e+01  -1.44179e+01  -1.50211e+01  -1.37136e+01  -1.02719e+01  -5.41699e+00
  -1.50000e-03   3.82641e+00   9.23331e+00   1.32368e+01   1.48740e+01   1.44033e+01   1.26242e+01   1.02577e+01   7.75781e+00   5.34029e+00   3.06403e+00   9.08672e-01  -1.17597e+00  -3.24962e+00  -5.37481e+00  -7.61666e+00  -1.00458e+01  -1.27463e+01  -1.58265e+01  -1.94202e+01  -2.36508e+01  -2.85819e+01  -3.42046e+01  -4.04399e+01  -4.71008e+01  -5.37746e+01  -5.95788e+01  -6.28073e+01  -6.07246e+01  -5.00424e+01  -2.88957e+01   2.82969e-03   2.88997e+01   5.00466e+01   6.07273e+01   6.28093e+01   5.95798e+01   5.37753e+01   4.71018e+01   4.04405e+01   3.42044e+01   2.85819e+01   2.36508e+01   1.94201e+01   1.58265e+01   1.27462e+01   1.00458e+01   7.61668e+00   5.37480e+00   3.24962e+00   1.17597e+00  -9.08739e-01  -3.06405e+00  -5.34033e+00  -7.75793e+00  -1.02579e+01  -1.26247e+01  -1.44042e+01  -1.48753e+01  -1.32386e+01  -9.23555e+00  -3.82878e+00
  -2.00000e-03   1.33758e+00   7.67961e+00   1.26403e+01   1.47947e+01   1.44977e+01   1.27502e+01   1.03715e+01   7.85036e+00   5.41878e+00   3.13814e+00   9.83101e-01  -1.10065e+00  -3.17350e+00  -5.29761e+00  -7.53694e+00  -9.96083e+00  -1.26541e+01  -1.57352e+01  -1.93584e+01  -2.36579e+01  -2.86775e+01  -3.43920e+01  -4.07463e+01  -4.76201e+01  -5.47295e+01  -6.13557e+01  -6.58559e+01  -6.52331e+01  -5.52871e+01  -3.27070e+01   3.95113e-03   3.27142e+01   5.52928e+01   6.52375e+01   6.58581e+01   6.13575e+01   5.47307e+01   4.76204e+01   4.07462e+01   3.43921e+01   2.86774e+01   2.36579e+01   1.93585e+01   1.57351e+01   1.26542e+01   9.96085e+00   7.53695e+00   5.29762e+00   3.17348e+00   1.10059e+00  -9.83078e-01  -3.13820e+00  -5.41881e+00  -7.85052e+00  -1.03717e+01  -1.27507e+01  -1.44987e+01  -1.47963e+01  -1.26427e+01  -7.68264e+00  -1.34087e+00
  -2.50000e-03  -2.41602e+00   5.49410e+00   1.20523e+01   1.49552e+01   1.48349e+01   1.30680e+01   1.06201e+01   8.02436e+00   5.54339e+00   3.24380e+00   1.08414e+00  -1.00077e+00  -3.07420e+00  -5.19771e+00  -7.43302e+00  -9.84709e+00  -1.25247e+01  -1.56005e+01  -1.92709e+01  -2.36864e+01  -2.88383e+01  -3.46715e+01  -4.11677e+01  -4.83014e+01  -5.59760e+01  -6.37373e+01  -7.00823e+01  -7.17675e+01  -6.33312e+01  -3.88639e+01   5.26100e-03   3.88734e+01   6.33383e+01   7.17722e+01   7.00853e+01   6.37391e+01   5.59771e+01   4.83014e+01   4.11677e+01   3.46716e+01   2.88383e+01   2.36864e+01   1.92708e+01   1.56004e+01   1.25247e+01   9.84712e+00   7.43308e+00   5.19772e+00   3.07417e+00   1.00075e+00  -1.08411e+00  -3.24377e+00  -5.54349e+00  -8.02447e+00  -1.06203e+01  -1.30685e+01  -1.48362e+01  -1.49574e+01  -1.20554e+01  -5.49820e+00   2.41187e+00
  -3.00000e-03  -8.11781e+00   2.51679e+00   1.17718e+01   1.56560e+01   1.56122e+01   1.37049e+01   1.10828e+01   8.31289e+00   5.72110e+00   3.38331e+00   1.21382e+00  -8.74907e-01  -2.95134e+00  -5.07547e+00  -7.30545e+00  -9.70253e+00  -1.23479e+01  -1.53995e+01  -1.91424e+01  -2.37579e+01  -2.91019e+01  -3.50722e+01  -4.17216e+01  -4.91411e+01  -5.74948e+01  -6.67641e+01  -7.56968e+01  -8.09388e+01  -7.55545e+01  -4.89526e+01   6.86610e-03   4.89640e+01   7.55631e+01   8.09441e+01   7.56998e+01   6.67662e+01   5.74959e+01   4.91415e+01   4.17218e+01   3.50722e+01   2.91017e+01   2.37576e+01   1.91423e+01   1.53995e+01   1.23478e+01   9.70249e+00   7.30550e+00   5.07550e+00   2.95137e+00   8.74884e-01  -1.21384e+00  -3.38320e+00  -5.72134e+00  -8.31291e+00  -1.10829e+01  -1.37053e+01  -1.56135e+01  -1.56583e+01  -1.17755e+01  -2.52233e+00   8.11237e+00
  -3.50000e-03  -1.71364e+01  -1.41662e+00   1.24864e+01   1.73942e+01   1.70961e+01   1.48196e+01   1.18618e+01   8.74379e+00   5.94428e+00   3.55361e+00   1.37442e+00  -7.21570e-01  -2.80503e+00  -4.93249e+00  -7.15661e+00  -9.52743e+00  -1.21113e+01  -1.50887e+01  -1.89369e+01  -2.39166e+01  -2.95270e+01  -3.56310e+01  -4.24259e+01  -5.01210e+01  -5.92151e+01  -7.04513e+01  -8.29106e+01  -9.34963e+01  -9.41900e+01  -6.61363e+01   8.94582e-03   6.61515e+01   9.41992e+01   9.35027e+01   8.29138e+01   7.04522e+01   5.92165e+01   5.01214e+01   4.24262e+01   3.56308e+01   2.95267e+01   2.39164e+01   1.89371e+01   1.50888e+01   1.21113e+01   9.52747e+00   7.15663e+00   4.93264e+00   2.80499e+00   7.21477e-01  -1.37444e+00  -3.55368e+00  -5.94426e+00  -8.74380e+00  -1.18618e+01  -1.48200e+01  -1.70971e+01  -1.73966e+01  -1.24908e+01   1.40952e+00   1.71295e+01
  -4.00000e-03  -3.25347e+01  -6.19575e+00   1.57541e+01   2.09227e+01   1.96019e+01   1.65897e+01   1.30972e+01   9.32130e+00   6.17184e+00   3.74829e+00   1.56838e+00  -5.38233e-01  -2.63539e+00  -4.77180e+00  -6.99171e+00  -9.32796e+00  -1.18070e+01  -1.45888e+01  -1.85640e+01  -2.42684e+01  -3.02019e+01  -3.63868e+01  -4.33017e+01  -5.12073e+01  -6.09492e+01  -7.47704e+01  -9.18877e+01  -1.10146e+02  -1.22687e+02  -9.71854e+01   1.18253e-02   9.72035e+01   1.22698e+02   1.10153e+02   9.18914e+01   7.47720e+01   6.09499e+01   5.12077e+01   4.33018e+01   3.63864e+01   3.02017e+01   2.42679e+01   1.85640e+01   1.45890e+01   1.18073e+01   9.32807e+00   6.99168e+00   4.77175e+00   2.63520e+00   5.38202e-01  -1.56839e+00  -3.74845e+00  -6.17180e+00  -9.32148e+00  -1.30971e+01  -1.65900e+01  -1.96028e+01  -2.09251e+01  -1.57594e+01   6.18673e+00   3.25250e+01
  -4.50000e-03  -6.23068e+01  -9.70163e+00   2.48830e+01   2.71946e+01   2.34250e+01   1.91753e+01   1.50266e+01   9.97007e+00   6.30689e+00   3.96546e+00   1.80319e+00  -3.21560e-01  -2.44226e+00  -4.59739e+00  -6.82036e+00  -9.12083e+00  -1.14493e+01  -1.37755e+01  -1.77505e+01  -2.51046e+01  -3.12397e+01  -3.73672e+01  -4.43759e+01  -5.23858e+01  -6.22188e+01  -7.97282e+01  -1.02673e+02  -1.31081e+02  -1.65615e+02  -1.58433e+02   1.61201e-02   1.58457e+02   1.65626e+02   1.31086e+02   1.02675e+02   7.97291e+01   6.22194e+01   5.23858e+01   4.43761e+01   3.73673e+01   3.12394e+01   2.51040e+01   1.77504e+01   1.37756e+01   1.14496e+01   9.12077e+00   6.82065e+00   4.59749e+00   2.44238e+00   3.21354e-01  -1.80304e+00  -3.96546e+00  -6.30670e+00  -9.97019e+00  -1.50260e+01  -1.91751e+01  -2.34253e+01  -2.71966e+01  -2.48880e+01   9.68924e+00   6.22939e+01
  -5.00000e-03  -1.31439e+02   4.63158e+00   4.54210e+01   3.69895e+01   2.87217e+01   2.26456e+01   1.81411e+01   1.02215e+01   6.22231e+00   4.23384e+00   2.09699e+00  -6.31716e-02  -2.22528e+00  -4.41276e+00  -6.65337e+00  -8.93266e+00  -1.11041e+01  -1.25845e+01  -1.53549e+01  -2.72642e+01  -3.27118e+01  -3.85702e+01  -4.56852e+01  -5.37778e+01  -6.17708e+01  -8.60723e+01  -1.15054e+02  -1.55140e+02  -2.25673e+02  -2.99791e+02   2.26137e-02   2.99820e+02   2.25682e+02   1.55145e+02   1.15055e+02   8.60723e+01   6.17715e+01   5.37785e+01   4.56853e+01   3.85700e+01   3.27111e+01   2.72631e+01   1.53548e+01   1.25848e+01   1.11043e+01   8.93303e+00   6.65312e+00   4.41288e+00   2.22502e+00   6.33242e-02  -2.09719e+00  -4.23403e+00  -6.22215e+00  -1.02212e+01  -1.81403e+01  -2.26454e+01  -2.87212e+01  -3.69902e+01  -4.54248e+01  -4.64753e+00   1.31420e+02
  -5.50000e-03  -2.99057e+02   1.60879e+02   8.08186e+01   5.02510e+01   3.54876e+01   2.69679e+01   2.29870e+01   4.37549e+00   6.13004e+00   4.66461e+00   2.50252e+00   2.69790e-01  -1.95898e+00  -4.20105e+00  -6.48092e+00  -8.77569e+00  -1.08749e+01  -1.15329e+01  -7.88013e-01  -3.21646e+01  -3.45088e+01  -3.99572e+01  -4.72570e+01  -5.57885e+01  -5.83752e+01  -1.00366e+02  -1.28108e+02  -1.79035e+02  -2.93091e+02  -7.01802e+02   2.74867e-02   7.01822e+02   2.93097e+02   1.79037e+02   1.28108e+02   1.00365e+02   5.83767e+01   5.57883e+01   4.72568e+01   3.99567e+01   3.45081e+01   3.21639e+01   7.89100e-01   1.15335e+01   1.08749e+01   8.77627e+00   6.48102e+00   4.20095e+00   1.95888e+00  -2.69411e-01  -2.50232e+00  -4.66461e+00  -6.13058e+00  -4.37591e+00  -2.29862e+01  -2.69668e+01  -3.54864e+01  -5.02506e+01  -8.08191e+01  -1.60892e+02   2.99036e+02
  -6.00000e-03  -2.65056e+02   4.45738e+02   1.20712e+02   6.47205e+01   4.22713e+01   3.05318e+01   2.50554e+01   7.36731e+00   6.03206e+00   4.18361e+00   1.88167e+00  -4.26253e-01  -2.70873e+00  -5.01479e+00  -7.38942e+00  -9.84897e+00  -1.22979e+01  -1.41460e+01  -2.08626e+01  -3.84244e+01  -3.98548e+01  -4.59585e+01  -5.45273e+01  -6.55810e+01  -8.07495e+01  -1.31429e+02  -1.56343e+02  -2.20416e+02  -3.70346e+02  -1.01636e+03  -9.75948e-04   1.01634e+03   3.70344e+02   2.20416e+02   1.56342e+02   1.31427e+02   8.07513e+01   6.55808e+01   5.45272e+01   4.59578e+01   3.98541e+01   3.84226e+01   2.08642e+01   1.41464e+01   1.22981e+01   9.84915e+00   7.38919e+00   5.01493e+00   2.70873e+00   4.24508e-01  -1.88158e+00  -4.18386e+00  -6.03159e+00  -7.36803e+00  -2.50535e+01  -3.05304e+01  -4.22692e+01  -6.47181e+01  -1.20708e+02  -4.45721e+02   2.65064e+02
  -6.50000e-03  -1.06061e+02   3.29707e+02   1.36915e+02   7.38747e+01   4.68373e+01   3.26745e+01   2.44481e+01   1.37519e+01   7.50739e+00   4.66940e+00   2.11260e+00  -3.07020e-01  -2.66807e+00  -5.04400e+00  -7.50918e+00  -1.01284e+01  -1.29752e+01  -1.64729e+01  -2.45700e+01  -3.67745e+01  -4.04359e+01  -4.70313e+01  -5.63440e+01  -6.92706e+01  -9.11459e+01  -1.28960e+02  -1.63030e+02  -2.28927e+02  -3.66954e+02  -6.96592e+02  -1.21592e-02   6.96571e+02   3.66950e+02   2.28924e+02   1.63029e+02   1.28958e+02   9.11459e+01   6.92699e+01   5.63437e+01   4.70308e+01   4.04354e+01   3.67733e+01   2.45702e+01   1.64732e+01   1.29752e+01   1.01287e+01   7.50935e+00   5.04458e+00   2.66789e+00   3.07298e-01  -2.11483e+00  -4.66916e+00  -7.50746e+00  -1.37510e+01  -2.44467e+01  -3.26724e+01  -4.68343e+01  -7.38709e+01  -1.36907e+02  -3.29688e+02   1.06074e+02
  -7.00000e-03  -5.23029e+01   2.52158e+02   1.37685e+02   7.93594e+01   5.02535e+01   3.43138e+01   2.42655e+01   1.50581e+01   8.88481e+00   5.25191e+00   2.41008e+00  -1.49272e-01  -2.60000e+00  -5.05704e+00  -7.62417e+00  -1.04165e+01  -1.36494e+01  -1.80964e+01  -2.41097e+01  -3.49388e+01  -4.06238e+01  -4.79102e+01  -5.79089e+01  -7.20416e+01  -9.37190e+01  -1.26963e+02  -1.64980e+02  -2.27527e+02  -3.37308e+02  -5.29868e+02  -7.98785e-03   5.29852e+02   3.37302e+02   2.27523e+02   1.64979e+02   1.26961e+02   9.37178e+01   7.20414e+01   5.79083e+01   4.79099e+01   4.06233e+01   3.49381e+01   2.41097e+01   1.80964e+01   1.36495e+01   1.04168e+01   7.62432e+00   5.05740e+00   2.59962e+00   1.48975e-01  -2.40947e+00  -5.25199e+00  -8.88431e+00  -1.50575e+01  -2.42634e+01  -3.43115e+01  -5.02505e+01  -7.93546e+01  -1.37677e+02  -2.52143e+02   5.23143e+01
  -7.50000e-03  -2.83215e+01   2.16487e+02   1.32777e+02   8.13493e+01   5.20783e+01   3.52204e+01   2.43571e+01   1.57557e+01   9.84182e+00   5.78203e+00   2.69146e+00  -1.22730e-03  -2.54383e+00  -5.08556e+00  -7.75761e+00  -1.07176e+01  -1.42490e+01  -1.90371e+01  -2.38433e+01  -3.38728e+01  -4.06049e+01  -4.85568e+01  -5.91158e+01  -7.38143e+01  -9.46085e+01  -1.25671e+02  -1.63498e+02  -2.19689e+02  -3.02981e+02  -4.37361e+02  -6.58188e-03   4.37349e+02   3.02973e+02   2.19683e+02   1.63496e+02   1.25668e+02   9.46074e+01   7.38143e+01   5.91154e+01   4.85559e+01   4.06042e+01   3.38722e+01   2.38432e+01   1.90371e+01   1.42487e+01   1.07172e+01   7.75834e+00   5.08552e+00   2.54365e+00   1.96457e-03  -2.69143e+00  -5.78163e+00  -9.84095e+00  -1.57551e+01  -2.43560e+01  -3.52183e+01  -5.20743e+01  -8.13444e+01  -1.32768e+02  -2.16472e+02   2.83314e+01
# Vertical Kick [micro-rad]
START
                -3.00000e-02  -2.90000e-02  -2.80000e-02  -2.70000e-02  -2.60000e-02  -2.50000e-02  -2.40000e-02  -2.30000e-02  -2.20000e-02  -2.10000e-02  -2.00000e-02  -1.90000e-02  -1.80000e-02  -1.70000e-02  -1.60000e-02  -1.50000e-02  -1.40000e-02  -1.30000e-02  -1.20000e-02  -1.10000e-02  -1.00000e-02  -9.00000e-03  -8.00000e-03  -7.00000e-03  -6.00000e-03  -5.00000e-03  -4.00000e-03  -3.00000e-03  -2.00000e-03  -1.00000e-03   0.00000e+00   1.00000e-03   2.00000e-03   3.00000e-03   4.00000e-03   5.00000e-03   6.00000e-03   7.00000e-03   8.00000e-03   9.00000e-03   1.00000e-02   1.10000e-02   1.20000e-02   1.30000e-02   1.40000e-02   1.50000e-02   1.60000e-02   1.70000e-02   1.80000e-02   1.90000e-02   2.00000e-02   2.10000e-02   2.20000e-02   2.30000e-02   2.40000e-02   2.50000e-02   2.60000e-02   2.70000e-02   2.80000e-02   2.90000e-02   3.00000e-02
   7.50000e-03   7.27458e+01  -2.53734e+00  -3.03345e+01  -3.36084e+01  -3.17699e+01  -3.02330e+01  -2.97254e+01  -2.91076e+01  -2.76821e+01  -2.64442e+01  -2.57284e+01  -2.53424e+01  -2.51649e+01  -2.51566e+01  -2.53310e+01  -2.57584e+01  -2.65862e+01  -2.79053e+01  -2.86731e+01  -2.74661e+01  -2.65954e+01  -2.71024e+01  -2.86544e+01  -3.10693e+01  -3.32021e+01  -3.25779e+01  -2.86324e+01  -1.76421e+01   2.14286e+01   1.27568e+02   2.58114e+02   1.27562e+02   2.14200e+01  -1.76492e+01  -2.86371e+01  -3.24541e+01  -3.32058e+01  -3.10730e+01  -2.86580e+01  -2.71056e+01  -2.65986e+01  -2.74695e+01  -2.86766e+01  -2.79084e+01  -2.65887e+01  -2.57612e+01  -2.53331e+01  -2.51587e+01  -2.51672e+01  -2.53445e+01  -2.57312e+01  -2.64464e+01  -2.76847e+01  -2.91105e+01  -2.97282e+01  -3.02366e+01  -3.17741e+01  -3.36134e+01  -3.03404e+01  -2.55012e+00   7.27430e+01
   7.00000e-03   9.54089e+01   5.78511e-01  -4.54447e+01  -4.19926e+01  -3.54594e+01  -3.15397e+01  -3.02663e+01  -2.97207e+01  -2.71567e+01  -2.54748e+01  -2.46430e+01  -2.42036e+01  -2.39863e+01  -2.39403e+01  -2.40779e+01  -2.44826e+01  -2.53845e+01  -2.72650e+01  -2.89537e+01  -2.61032e+01  -2.48854e+01  -2.57617e+01  -2.78951e+01  -3.15186e+01  -3.60521e+01  -3.53271e+01  -3.44198e+01  -3.10764e+01   1.07813e+00   1.48650e+02   3.58683e+02   1.48642e+02   1.06988e+00  -3.10854e+01  -3.44244e+01  -3.53324e+01  -3.60195e+01  -3.15224e+01  -2.78970e+01  -2.57652e+01  -2.48880e+01  -2.61068e+01  -2.89569e+01  -2.72679e+01  -2.53869e+01  -2.44846e+01  -2.40797e+01  -2.39425e+01  -2.39885e+01  -2.42060e+01  -2.46457e+01  -2.54775e+01  -2.71594e+01  -2.97238e+01  -3.02698e+01  -3.15435e+01  -3.54640e+01  -4.19984e+01  -4.54604e+01   5.71083e-01   9.54087e+01
   6.50000e-03   1.34113e+02  -6.89224e+00  -5.89922e+01  -4.22340e+01  -3.09179e+01  -2.49786e+01  -2.31933e+01  -2.45235e+01  -1.95355e+01  -1.76596e+01  -1.68554e+01  -1.64328e+01  -1.62168e+01  -1.61586e+01  -1.62687e+01  -1.66314e+01  -1.75196e+01  -1.99540e+01  -2.48578e+01  -1.72044e+01  -1.62131e+01  -1.76228e+01  -2.02540e+01  -2.50440e+01  -3.40244e+01  -2.99076e+01  -3.33102e+01  -4.16806e+01  -3.25204e+01   1.60803e+02   4.98161e+02   1.60786e+02  -3.25316e+01  -4.16889e+01  -3.33153e+01  -2.99128e+01  -3.40279e+01  -2.50094e+01  -2.02559e+01  -1.76244e+01  -1.62145e+01  -1.72062e+01  -2.48602e+01  -1.99552e+01  -1.75206e+01  -1.66326e+01  -1.62701e+01  -1.61593e+01  -1.62181e+01  -1.64338e+01  -1.68569e+01  -1.76612e+01  -1.95374e+01  -2.45256e+01  -2.31959e+01  -2.49812e+01  -3.09214e+01  -4.22466e+01  -5.90018e+01  -6.90358e+00   1.34119e+02
   6.00000e-03   1.37989e+02  -7.23759e+01  -2.40186e+00   3.16667e+01   4.59618e+01   5.23029e+01   5.42035e+01   4.28272e+01   5.58576e+01   5.70972e+01   5.74941e+01   5.76133e+01   5.75843e+01   5.74384e+01   5.71534e+01   5.66404e+01   5.56313e+01   5.29342e+01   3.11408e+01   5.94718e+01   5.86386e+01   5.68865e+01   5.39405e+01   4.84319e+01   3.12451e+01   4.99601e+01   3.46580e+01   1.11388e+01  -2.47997e+01   3.97072e+01   2.91922e+02   3.96825e+01  -2.48032e+01   1.11422e+01   3.46650e+01   4.99679e+01   3.12540e+01   4.84416e+01   5.39883e+01   5.68970e+01   5.86486e+01   5.94823e+01   3.11484e+01   5.29452e+01   5.56419e+01   5.66507e+01   5.71642e+01   5.74486e+01   5.75944e+01   5.76234e+01   5.75041e+01   5.71075e+01   5.58669e+01   4.28347e+01   5.42121e+01   5.23108e+01   4.59615e+01   3.16716e+01  -2.40242e+00  -7.23944e+01   1.38010e+02
   5.50000e-03  -8.87647e+01  -5.14309e+02  -2.76404e+02  -2.27326e+02  -2.06072e+02  -1.93973e+02  -1.84627e+02  -1.68539e+02  -1.78509e+02  -1.77449e+02  -1.76306e+02  -1.75360e+02  -1.74606e+02  -1.74007e+02  -1.73531e+02  -1.73144e+02  -1.72789e+02  -1.72199e+02  -1.56116e+02  -1.66955e+02  -1.73268e+02  -1.76502e+02  -1.79606e+02  -1.83624e+02  -1.88483e+02  -1.77345e+02  -2.06278e+02  -2.38866e+02  -3.12292e+02  -6.95146e+02  -8.65497e+02  -6.95210e+02  -3.12330e+02  -2.38897e+02  -2.06308e+02  -1.77373e+02  -1.88509e+02  -1.83649e+02  -1.79631e+02  -1.76528e+02  -1.73293e+02  -1.66979e+02  -1.56137e+02  -1.72223e+02  -1.72814e+02  -1.73168e+02  -1.73555e+02  -1.74031e+02  -1.74629e+02  -1.75384e+02  -1.76330e+02  -1.77474e+02  -1.78533e+02  -1.68561e+02  -1.84652e+02  -1.93997e+02  -2.06097e+02  -2.27354e+02  -2.76438e+02  -5.14361e+02  -8.87479e+01
   5.00000e-03  -1.31614e+02  -2.65225e+02  -1.77629e+02  -1.41094e+02  -1.24350e+02  -1.14803e+02  -1.07365e+02  -1.01409e+02  -1.03308e+02  -1.02991e+02  -1.02310e+02  -1.01687e+02  -1.01170e+02  -1.00748e+02  -1.00396e+02  -1.00072e+02  -9.96447e+01  -9.83854e+01  -9.17472e+01  -9.39501e+01  -9.86987e+01  -1.01538e+02  -1.04224e+02  -1.07362e+02  -1.08478e+02  -1.09098e+02  -1.30770e+02  -1.66049e+02  -2.48002e+02  -5.18535e+02  -7.29612e+02  -5.18568e+02  -2.48028e+02  -1.66070e+02  -1.30789e+02  -1.09116e+02  -1.08494e+02  -1.07379e+02  -1.04241e+02  -1.01555e+02  -9.87145e+01  -9.39655e+01  -9.17614e+01  -9.84009e+01  -9.96601e+01  -1.00088e+02  -1.00412e+02  -1.00764e+02  -1.01186e+02  -1.01703e+02  -1.02325e+02  -1.03006e+02  -1.03324e+02  -1.01423e+02  -1.07380e+02  -1.14819e+02  -1.24367e+02  -1.41113e+02  -1.77652e+02  -2.65250e+02  -1.31615e+02
   4.50000e-03  -1.02347e+02  -1.57849e+02  -1.34611e+02  -1.13011e+02  -1.00933e+02  -9.35825e+01  -8.81889e+01  -8.48618e+01  -8.46402e+01  -8.43315e+01  -8.38214e+01  -8.33227e+01  -8.28832e+01  -8.25011e+01  -8.21550e+01  -8.17923e+01  -8.12626e+01  -8.00135e+01  -7.72013e+01  -7.75598e+01  -8.02771e+01  -8.25778e+01  -8.48285e+01  -8.73184e+01  -8.92779e+01  -9.40322e+01  -1.11076e+02  -1.43857e+02  -2.13826e+02  -3.61482e+02  -4.62869e+02  -3.61500e+02  -2.13846e+02  -1.43876e+02  -1.11093e+02  -9.40480e+01  -8.92932e+01  -8.73334e+01  -8.48435e+01  -8.25923e+01  -8.02920e+01  -7.75741e+01  -7.72152e+01  -8.00275e+01  -8.12769e+01  -8.18067e+01  -8.21691e+01  -8.25154e+01  -8.28973e+01  -8.33368e+01  -8.38357e+01  -8.43460e+01  -8.46545e+01  -8.48760e+01  -8.82032e+01  -9.35976e+01  -1.00949e+02  -1.13029e+02  -1.34629e+02  -1.57865e+02  -1.02352e+02
   4.00000e-03  -7.79897e+01  -1.06783e+02  -1.02908e+02  -9.20923e+01  -8.43219e+01  -7.91443e+01  -7.54571e+01  -7.32519e+01  -7.25529e+01  -7.21612e+01  -7.17386e+01  -7.13249e+01  -7.09446e+01  -7.05967e+01  -7.02623e+01  -6.98946e+01  -6.93753e+01  -6.84284e+01  -6.70700e+01  -6.70891e+01  -6.85680e+01  -7.02694e+01  -7.20875e+01  -7.41857e+01  -7.67507e+01  -8.24279e+01  -9.66255e+01  -1.24352e+02  -1.76979e+02  -2.59935e+02  -3.09042e+02  -2.59948e+02  -1.76995e+02  -1.24368e+02  -9.66412e+01  -8.24430e+01  -7.67648e+01  -7.42000e+01  -7.21017e+01  -7.02837e+01  -6.85817e+01  -6.71027e+01  -6.70835e+01  -6.84423e+01  -6.93888e+01  -6.99085e+01  -7.02759e+01  -7.06105e+01  -7.09583e+01  -7.13387e+01  -7.17523e+01  -7.21749e+01  -7.25666e+01  -7.32655e+01  -7.54710e+01  -7.91589e+01  -8.43369e+01  -9.21083e+01  -1.02924e+02  -1.06796e+02  -7.79968e+01
   3.50000e-03  -6.03230e+01  -7.73933e+01  -7.90719e+01  -7.44303e+01  -6.99491e+01  -6.66210e+01  -6.42262e+01  -6.27428e+01  -6.20541e+01  -6.16529e+01  -6.12933e+01  -6.09483e+01  -6.06223e+01  -6.03129e+01  -6.00052e+01  -5.96643e+01  -5.92162e+01  -5.85528e+01  -5.78164e+01  -5.77649e+01  -5.85807e+01  -5.97746e+01  -6.12003e+01  -6.29939e+01  -6.56480e+01  -7.11065e+01  -8.28786e+01  -1.04973e+02  -1.42447e+02  -1.91165e+02  -2.16783e+02  -1.91173e+02  -1.42460e+02  -1.04987e+02  -8.28933e+01  -7.11207e+01  -6.56619e+01  -6.30080e+01  -6.12143e+01  -5.97886e+01  -5.85944e+01  -5.77784e+01  -5.78299e+01  -5.85662e+01  -5.92296e+01  -5.96779e+01  -6.00189e+01  -6.03264e+01  -6.06360e+01  -6.09618e+01  -6.13069e+01  -6.16664e+01  -6.20677e+01  -6.27566e+01  -6.42400e+01  -6.66352e+01  -6.99637e+01  -7.44449e+01  -7.90861e+01  -7.74049e+01  -6.03303e+01
   3.00000e-03  -4.69646e+01  -5.79181e+01  -6.08758e+01  -5.93754e+01  -5.70936e+01  -5.51574e+01  -5.37049e+01  -5.27525e+01  -5.22149e+01  -5.18671e+01  -5.15687e+01  -5.12846e+01  -5.10108e+01  -5.07440e+01  -5.04742e+01  -5.01785e+01  -4.98174e+01  -4.93582e+01  -4.89175e+01  -4.88501e+01  -4.93070e+01  -5.01206e+01  -5.12090e+01  -5.27112e+01  -5.51439e+01  -5.99286e+01  -6.94396e+01  -8.63609e+01  -1.12454e+02  -1.42188e+02  -1.56529e+02  -1.42194e+02  -1.12465e+02  -8.63737e+01  -6.94525e+01  -5.99426e+01  -5.51580e+01  -5.27245e+01  -5.12228e+01  -5.01338e+01  -4.93205e+01  -4.88636e+01  -4.89310e+01  -4.93718e+01  -4.98309e+01  -5.01919e+01  -5.04875e+01  -5.07575e+01  -5.10243e+01  -5.12981e+01  -5.15822e+01  -5.18805e+01  -5.22282e+01  -5.27660e+01  -5.37183e+01  -5.51712e+01  -5.71074e+01  -5.93891e+01  -6.08886e+01  -5.79287e+01  -4.69723e+01
   2.50000e-03  -3.63248e+01  -4.36666e+01  -4.65479e+01  -4.64984e+01  -4.55411e+01  -4.45519e+01  -4.37529e+01  -4.31888e+01  -4.28211e+01  -4.25536e+01  -4.23176e+01  -4.20902e+01  -4.18668e+01  -4.16450e+01  -4.14190e+01  -4.11759e+01  -4.08967e+01  -4.05767e+01  -4.02917e+01  -4.02221e+01  -4.04775e+01  -4.10197e+01  -4.18283e+01  -4.30402e+01  -4.51032e+01  -4.90491e+01  -5.64858e+01  -6.90591e+01  -8.70273e+01  -1.05698e+02  -1.14172e+02  -1.05704e+02  -8.70367e+01  -6.90701e+01  -5.64981e+01  -4.90622e+01  -4.51168e+01  -4.30535e+01  -4.18421e+01  -4.10329e+01  -4.04909e+01  -4.02355e+01  -4.03050e+01  -4.05899e+01  -4.09100e+01  -4.11891e+01  -4.14324e+01  -4.16583e+01  -4.18800e+01  -4.21035e+01  -4.23310e+01  -4.25667e+01  -4.28343e+01  -4.32022e+01  -4.37661e+01  -4.45652e+01  -4.55544e+01  -4.65112e+01  -4.65600e+01  -4.36766e+01  -3.63325e+01
   2.00000e-03  -2.74488e+01  -3.24404e+01  -3.48287e+01  -3.53429e+01  -3.51004e+01  -3.46919e+01  -3.43137e+01  -3.40166e+01  -3.37922e+01  -3.36054e+01  -3.34295e+01  -3.32550e+01  -3.30801e+01  -3.29041e+01  -3.27243e+01  -3.25345e+01  -3.23261e+01  -3.21027e+01  -3.19099e+01  -3.18450e+01  -3.19837e+01  -3.23362e+01  -3.29171e+01  -3.38492e+01  -3.54881e+01  -3.85666e+01  -4.41552e+01  -5.32063e+01  -6.54086e+01  -7.72971e+01  -8.24674e+01  -7.73017e+01  -6.54175e+01  -5.32163e+01  -4.41669e+01  -3.85793e+01  -3.55011e+01  -3.38630e+01  -3.29303e+01  -3.23495e+01  -3.19968e+01  -3.18583e+01  -3.19230e+01  -3.21158e+01  -3.23393e+01  -3.25476e+01  -3.27376e+01  -3.29173e+01  -3.30932e+01  -3.32682e+01  -3.34427e+01  -3.36185e+01  -3.38053e+01  -3.40297e+01  -3.43269e+01  -3.47050e+01  -3.51132e+01  -3.53552e+01  -3.48400e+01  -3.24501e+01  -2.74567e+01
   1.50000e-03  -1.97357e+01  -2.30622e+01  -2.48504e+01  -2.54743e+01  -2.55531e+01  -2.54543e+01  -2.53181e+01  -2.51867e+01  -2.50653e+01  -2.49466e+01  -2.48247e+01  -2.46989e+01  -2.45704e+01  -2.44399e+01  -2.43065e+01  -2.41675e+01  -2.40199e+01  -2.38676e+01  -2.37371e+01  -2.36824e+01  -2.37539e+01  -2.39740e+01  -2.43706e+01  -2.50425e+01  -2.62499e+01  -2.84932e+01  -3.24595e+01  -3.86716e+01  -4.66978e+01  -5.41772e+01  -5.73379e+01  -5.41807e+01  -4.67053e+01  -3.86814e+01  -3.24703e+01  -2.85052e+01  -2.62626e+01  -2.50551e+01  -2.43833e+01  -2.39870e+01  -2.37670e+01  -2.36955e+01  -2.37502e+01  -2.38807e+01  -2.40330e+01  -2.41806e+01  -2.43196e+01  -2.44530e+01  -2.45836e+01  -2.47121e+01  -2.48378e+01  -2.49596e+01  -2.50784e+01  -2.51998e+01  -2.53311e+01  -2.54671e+01  -2.55656e+01  -2.54862e+01  -2.48611e+01  -2.30718e+01  -1.97434e+01
   1.00000e-03  -1.27788e+01  -1.48255e+01  -1.60038e+01  -1.65086e+01  -1.66698e+01  -1.66965e+01  -1.66738e+01  -1.66302e+01  -1.65735e+01  -1.65062e+01  -1.64307e+01  -1.63497e+01  -1.62655e+01  -1.61793e+01  -1.60913e+01  -1.60005e+01  -1.59061e+01  -1.58106e+01  -1.57285e+01  -1.56888e+01  -1.57224e+01  -1.58494e+01  -1.60941e+01  -1.65277e+01  -1.73178e+01  -1.87754e+01  -2.13085e+01  -2.51839e+01  -3.00471e+01  -3.44496e+01  -3.62757e+01  -3.44527e+01  -3.00540e+01  -2.51930e+01  -2.13191e+01  -1.87875e+01  -1.73305e+01  -1.65406e+01  -1.61074e+01  -1.58624e+01  -1.57355e+01  -1.57020e+01  -1.57416e+01  -1.58236e+01  -1.59191e+01  -1.60136e+01  -1.61043e+01  -1.61924e+01  -1.62786e+01  -1.63628e+01  -1.64437e+01  -1.65192e+01  -1.65865e+01  -1.66431e+01  -1.66867e+01  -1.67091e+01  -1.66821e+01  -1.65203e+01  -1.60145e+01  -1.48347e+01  -1.27865e+01
   5.00000e-04  -6.27951e+00  -7.25580e+00  -7.83901e+00  -8.11365e+00  -8.22379e+00  -8.26336e+00  -8.27196e+00  -8.26336e+00  -8.24261e+00  -8.21286e+00  -8.17700e+00  -8.13747e+00  -8.09587e+00  -8.05306e+00  -8.00935e+00  -7.96457e+00  -7.91844e+00  -7.87234e+00  -7.83250e+00  -7.81162e+00  -7.82433e+00  -7.88213e+00  -7.99917e+00  -8.21084e+00  -8.60046e+00  -9.31724e+00  -1.05498e+01  -1.24101e+01  -1.47046e+01  -1.67492e+01  -1.75890e+01  -1.67528e+01  -1.47113e+01  -1.24185e+01  -1.05607e+01  -9.32875e+00  -8.61308e+00  -8.22384e+00  -8.01167e+00  -7.89510e+00  -7.83735e+00  -7.82478e+00  -7.84555e+00  -7.88533e+00  -7.93149e+00  -7.97760e+00  -8.02237e+00  -8.06608e+00  -8.10888e+00  -8.15048e+00  -8.19000e+00  -8.22584e+00  -8.25556e+00  -8.27624e+00  -8.28475e+00  -8.27587e+00  -8.23585e+00  -8.12498e+00  -7.84945e+00  -7.26503e+00  -6.28721e+00
   0.00000e+00   3.87397e-03   4.47605e-03   5.25248e-03   5.71397e-03   6.02718e-03   6.25325e-03   6.38037e-03   6.45761e-03   6.46152e-03   6.48457e-03   6.49417e-03   6.49981e-03   6.50671e-03   6.50417e-03   6.49521e-03   6.48774e-03   6.47875e-03   6.51484e-03   6.51460e-03   6.45319e-03   6.57417e-03   6.39879e-03   6.32453e-03   6.38570e-03   6.18248e-03   5.84113e-03   5.29278e-03   4.45693e-03   3.27132e-03   1.74453e-03   0.00000e+00  -1.74449e-03  -3.27114e-03  -4.45659e-03  -5.29233e-03  -5.84048e-03  -6.18174e-03  -6.38483e-03  -6.32354e-03  -6.55357e-03  -6.57315e-03  -6.45223e-03  -6.46105e-03  -6.51382e-03  -6.51561e-03  -6.50226e-03  -6.51834e-03  -6.49923e-03  -6.50089e-03  -6.49941e-03  -6.49334e-03  -6.48428e-03  -6.46530e-03  -6.43438e-03  -6.38042e-03  -6.25336e-03  -6.02734e-03  -5.81575e-03  -5.19612e-03  -4.47623e-03  -3.87413e-03
  -5.00000e-04   6.28721e+00   7.26503e+00   7.84945e+00   8.12498e+00   8.23585e+00   8.27587e+00   8.28475e+00   8.27624e+00   8.25556e+00   8.22584e+00   8.19000e+00   8.15048e+00   8.10888e+00   8.06608e+00   8.02236e+00   7.97760e+00   7.93149e+00   7.88533e+00   7.84554e+00   7.82472e+00   7.83742e+00   7.89510e+00   8.01168e+00   8.22384e+00   8.61308e+00   9.32875e+00   1.05607e+01   1.24185e+01   1.47113e+01   1.67528e+01   1.75890e+01   1.67492e+01   1.47046e+01   1.24101e+01   1.05498e+01   9.31724e+00   8.60046e+00   8.21084e+00   7.99918e+00   7.88213e+00   7.82433e+00   7.81156e+00   7.83251e+00   7.87234e+00   7.91845e+00   7.96458e+00   8.00936e+00   8.05307e+00   8.09587e+00   8.13747e+00   8.17701e+00   8.21286e+00   8.24261e+00   8.26337e+00   8.27197e+00   8.26336e+00   8.22374e+00   8.11370e+00   7.83901e+00   7.25586e+00   6.27951e+00
  -1.00000e-03   1.27865e+01   1.48348e+01   1.60145e+01   1.65203e+01   1.66821e+01   1.67091e+01   1.66867e+01   1.66431e+01   1.65865e+01   1.65192e+01   1.64437e+01   1.63628e+01   1.62786e+01   1.61924e+01   1.61044e+01   1.60136e+01   1.59191e+01   1.58237e+01   1.57417e+01   1.57020e+01   1.57355e+01   1.58624e+01   1.61074e+01   1.65406e+01   1.73305e+01   1.87875e+01   2.13191e+01   2.51930e+01   3.00540e+01   3.44527e+01   3.62757e+01   3.44496e+01   3.00471e+01   2.51839e+01   2.13085e+01   1.87754e+01   1.73178e+01   1.65277e+01   1.60941e+01   1.58495e+01   1.57225e+01   1.56888e+01   1.57286e+01   1.58106e+01   1.59060e+01   1.60005e+01   1.60913e+01   1.61793e+01   1.62655e+01   1.63497e+01   1.64307e+01   1.65062e+01   1.65735e+01   1.66302e+01   1.66738e+01   1.66965e+01   1.66698e+01   1.65086e+01   1.60038e+01   1.48255e+01   1.27788e+01
  -1.50000e-03   1.97434e+01   2.30718e+01   2.48612e+01   2.54862e+01   2.55656e+01   2.54672e+01   2.53311e+01   2.51998e+01   2.50784e+01   2.49596e+01   2.48378e+01   2.47121e+01   2.45836e+01   2.44530e+01   2.43196e+01   2.41806e+01   2.40329e+01   2.38807e+01   2.37502e+01   2.36955e+01   2.37670e+01   2.39870e+01   2.43833e+01   2.50551e+01   2.62626e+01   2.85052e+01   3.24703e+01   3.86814e+01   4.67053e+01   5.41807e+01   5.73379e+01   5.41772e+01   4.66978e+01   3.86716e+01   3.24596e+01   2.84932e+01   2.62499e+01   2.50425e+01   2.43707e+01   2.39740e+01   2.37538e+01   2.36824e+01   2.37371e+01   2.38676e+01   2.40199e+01   2.41675e+01   2.43065e+01   2.44399e+01   2.45705e+01   2.46989e+01   2.48247e+01   2.49465e+01   2.50653e+01   2.51867e+01   2.53181e+01   2.54543e+01   2.55531e+01   2.54743e+01   2.48503e+01   2.30623e+01   1.97357e+01
  -2.00000e-03   2.74566e+01   3.24501e+01   3.48400e+01   3.53553e+01   3.51132e+01   3.47050e+01   3.43269e+01   3.40298e+01   3.38053e+01   3.36186e+01   3.34427e+01   3.32682e+01   3.30932e+01   3.29174e+01   3.27376e+01   3.25476e+01   3.23393e+01   3.21158e+01   3.19230e+01   3.18583e+01   3.19969e+01   3.23495e+01   3.29303e+01   3.38630e+01   3.55012e+01   3.85790e+01   4.41669e+01   5.32163e+01   6.54175e+01   7.73017e+01   8.24674e+01   7.72971e+01   6.54086e+01   5.32063e+01   4.41552e+01   3.85666e+01   3.54881e+01   3.38492e+01   3.29172e+01   3.23360e+01   3.19837e+01   3.18451e+01   3.19100e+01   3.21026e+01   3.23262e+01   3.25345e+01   3.27244e+01   3.29041e+01   3.30801e+01   3.32550e+01   3.34295e+01   3.36054e+01   3.37922e+01   3.40166e+01   3.43137e+01   3.46919e+01   3.51004e+01   3.53430e+01   3.48287e+01   3.24405e+01   2.74488e+01
  -2.50000e-03   3.63325e+01   4.36766e+01   4.65601e+01   4.65112e+01   4.55545e+01   4.45651e+01   4.37662e+01   4.32021e+01   4.28344e+01   4.25668e+01   4.23309e+01   4.21035e+01   4.18800e+01   4.16583e+01   4.14323e+01   4.11892e+01   4.09100e+01   4.05899e+01   4.03049e+01   4.02355e+01   4.04911e+01   4.10329e+01   4.18423e+01   4.30536e+01   4.51168e+01   4.90622e+01   5.64981e+01   6.90701e+01   8.70367e+01   1.05704e+02   1.14172e+02   1.05699e+02   8.70273e+01   6.90591e+01   5.64858e+01   4.90491e+01   4.51032e+01   4.30402e+01   4.18284e+01   4.10198e+01   4.04775e+01   4.02221e+01   4.02917e+01   4.05767e+01   4.08968e+01   4.11759e+01   4.14190e+01   4.16450e+01   4.18668e+01   4.20902e+01   4.23176e+01   4.25536e+01   4.28211e+01   4.31888e+01   4.37529e+01   4.45519e+01   4.55410e+01   4.64984e+01   4.65480e+01   4.36665e+01   3.63248e+01
  -3.00000e-03   4.69723e+01   5.79288e+01   6.08886e+01   5.93890e+01   5.71074e+01   5.51712e+01   5.37183e+01   5.27659e+01   5.22282e+01   5.18805e+01   5.15822e+01   5.12981e+01   5.10243e+01   5.07575e+01   5.04875e+01   5.01920e+01   4.98308e+01   4.93716e+01   4.89310e+01   4.88635e+01   4.93205e+01   5.01339e+01   5.12229e+01   5.27245e+01   5.51580e+01   5.99426e+01   6.94525e+01   8.63737e+01   1.12465e+02   1.42194e+02   1.56529e+02   1.42188e+02   1.12454e+02   8.63608e+01   6.94396e+01   5.99286e+01   5.51439e+01   5.27111e+01   5.12091e+01   5.01207e+01   4.93071e+01   4.88501e+01   4.89175e+01   4.93583e+01   4.98174e+01   5.01785e+01   5.04742e+01   5.07440e+01   5.10108e+01   5.12846e+01   5.15687e+01   5.18671e+01   5.22150e+01   5.27525e+01   5.37047e+01   5.51575e+01   5.70935e+01   5.93754e+01   6.08759e+01   5.79180e+01   4.69645e+01
  -3.50000e-03   6.03303e+01   7.74050e+01   7.90861e+01   7.44448e+01   6.99637e+01   6.66352e+01   6.42400e+01   6.27566e+01   6.20677e+01   6.16664e+01   6.13068e+01   6.09618e+01   6.06360e+01   6.03264e+01   6.00188e+01   5.96779e+01   5.92296e+01   5.85662e+01   5.78298e+01   5.77784e+01   5.85945e+01   5.97885e+01   6.12143e+01   6.30080e+01   6.56619e+01   7.11207e+01   8.28934e+01   1.04987e+02   1.42460e+02   1.91173e+02   2.16783e+02   1.91165e+02   1.42447e+02   1.04973e+02   8.28786e+01   7.11066e+01   6.56481e+01   6.29939e+01   6.12003e+01   5.97746e+01   5.85806e+01   5.77649e+01   5.78164e+01   5.85528e+01   5.92162e+01   5.96643e+01   6.00052e+01   6.03129e+01   6.06223e+01   6.09483e+01   6.12933e+01   6.16529e+01   6.20541e+01   6.27430e+01   6.42262e+01   6.66210e+01   6.99492e+01   7.44303e+01   7.90718e+01   7.73933e+01   6.03230e+01
  -4.00000e-03   7.79968e+01   1.06796e+02   1.02924e+02   9.21083e+01   8.43369e+01   7.91590e+01   7.54709e+01   7.32659e+01   7.25666e+01   7.21749e+01   7.17523e+01   7.13387e+01   7.09583e+01   7.06106e+01   7.02759e+01   6.99085e+01   6.93888e+01   6.84423e+01   6.70835e+01   6.71027e+01   6.85817e+01   7.02833e+01   7.21017e+01   7.42000e+01   7.67653e+01   8.24427e+01   9.66412e+01   1.24368e+02   1.76995e+02   2.59947e+02   3.09042e+02   2.59935e+02   1.76979e+02   1.24352e+02   9.66255e+01   8.24279e+01   7.67507e+01   7.41859e+01   7.20875e+01   7.02694e+01   6.85678e+01   6.70890e+01   6.70699e+01   6.84286e+01   6.93753e+01   6.98946e+01   7.02623e+01   7.05968e+01   7.09446e+01   7.13249e+01   7.17386e+01   7.21612e+01   7.25527e+01   7.32521e+01   7.54570e+01   7.91444e+01   8.43219e+01   9.20923e+01   1.02908e+02   1.06783e+02   7.79897e+01
  -4.50000e-03   1.02352e+02   1.57865e+02   1.34629e+02   1.13029e+02   1.00949e+02   9.35977e+01   8.82032e+01   8.48758e+01   8.46544e+01   8.43458e+01   8.38357e+01   8.33368e+01   8.28973e+01   8.25154e+01   8.21692e+01   8.18067e+01   8.12769e+01   8.00275e+01   7.72152e+01   7.75741e+01   8.02918e+01   8.25923e+01   8.48435e+01   8.73334e+01   8.92932e+01   9.40480e+01   1.11093e+02   1.43876e+02   2.13846e+02   3.61500e+02   4.62869e+02   3.61482e+02   2.13825e+02   1.43857e+02   1.11076e+02   9.40322e+01   8.92779e+01   8.73184e+01   8.48285e+01   8.25778e+01   8.02774e+01   7.75598e+01   7.72013e+01   8.00131e+01   8.12628e+01   8.17924e+01   8.21550e+01   8.25011e+01   8.28832e+01   8.33227e+01   8.38214e+01   8.43315e+01   8.46404e+01   8.48618e+01   8.81888e+01   9.35823e+01   1.00933e+02   1.13011e+02   1.34610e+02   1.57849e+02   1.02347e+02
  -5.00000e-03   1.31615e+02   2.65250e+02   1.77652e+02   1.41113e+02   1.24367e+02   1.14820e+02   1.07380e+02   1.01423e+02   1.03324e+02   1.03006e+02   1.02325e+02   1.01703e+02   1.01186e+02   1.00764e+02   1.00412e+02   1.00088e+02   9.96600e+01   9.84009e+01   9.17614e+01   9.39656e+01   9.87147e+01   1.01555e+02   1.04240e+02   1.07379e+02   1.08494e+02   1.09116e+02   1.30789e+02   1.66070e+02   2.48028e+02   5.18568e+02   7.29612e+02   5.18535e+02   2.48001e+02   1.66049e+02   1.30770e+02   1.09098e+02   1.08478e+02   1.07362e+02   1.04224e+02   1.01538e+02   9.86987e+01   9.39502e+01   9.17470e+01   9.83858e+01   9.96447e+01   1.00072e+02   1.00396e+02   1.00748e+02   1.01170e+02   1.01687e+02   1.02310e+02   1.02991e+02   1.03309e+02   1.01409e+02   1.07365e+02   1.14803e+02   1.24349e+02   1.41094e+02   1.77629e+02   2.65225e+02   1.31614e+02
  -5.50000e-03   8.87482e+01   5.14361e+02   2.76438e+02   2.27353e+02   2.06098e+02   1.93998e+02   1.84652e+02   1.68561e+02   1.78533e+02   1.77473e+02   1.76330e+02   1.75385e+02   1.74629e+02   1.74031e+02   1.73555e+02   1.73168e+02   1.72814e+02   1.72223e+02   1.56137e+02   1.66979e+02   1.73293e+02   1.76528e+02   1.79631e+02   1.83650e+02   1.88509e+02   1.77373e+02   2.06309e+02   2.38897e+02   3.12330e+02   6.95210e+02   8.65497e+02   6.95146e+02   3.12292e+02   2.38866e+02   2.06278e+02   1.77345e+02   1.88483e+02   1.83624e+02   1.79606e+02   1.76502e+02   1.73269e+02   1.66954e+02   1.56116e+02   1.72199e+02   1.72790e+02   1.73144e+02   1.73531e+02   1.74007e+02   1.74606e+02   1.75360e+02   1.76306e+02   1.77449e+02   1.78509e+02   1.68539e+02   1.84628e+02   1.93973e+02   2.06072e+02   2.27326e+02   2.76404e+02   5.14309e+02   8.87647e+01
  -6.00000e-03  -1.38010e+02   7.23937e+01   2.40208e+00  -3.16712e+01  -4.59689e+01  -5.23108e+01  -5.42121e+01  -4.28345e+01  -5.58671e+01  -5.71069e+01  -5.75039e+01  -5.76214e+01  -5.75944e+01  -5.74488e+01  -5.71642e+01  -5.66511e+01  -5.56419e+01  -5.29448e+01  -3.11484e+01  -5.94818e+01  -5.86493e+01  -5.68972e+01  -5.39887e+01  -4.84416e+01  -3.12540e+01  -4.99679e+01  -3.46644e+01  -1.11437e+01   2.48022e+01  -3.96824e+01  -2.91922e+02  -3.97072e+01   2.47997e+01  -1.11388e+01  -3.46574e+01  -4.99603e+01  -3.12446e+01  -4.84323e+01  -5.39779e+01  -5.68863e+01  -5.86383e+01  -5.94717e+01  -3.11407e+01  -5.29344e+01  -5.56314e+01  -5.66404e+01  -5.71536e+01  -5.74383e+01  -5.75839e+01  -5.76134e+01  -5.74941e+01  -5.70972e+01  -5.58573e+01  -4.28272e+01  -5.42029e+01  -5.23029e+01  -4.59618e+01  -3.16668e+01   2.40168e+00   7.23751e+01  -1.37989e+02
  -6.50000e-03  -1.34119e+02   6.90360e+00   5.90014e+01   4.22395e+01   3.09219e+01   2.49814e+01   2.31959e+01   2.45258e+01   1.95375e+01   1.76614e+01   1.68587e+01   1.64340e+01   1.62175e+01   1.61593e+01   1.62699e+01   1.66325e+01   1.75206e+01   1.99553e+01   2.48604e+01   1.72065e+01   1.62146e+01   1.76244e+01   2.02559e+01   2.50092e+01   3.40279e+01   2.99128e+01   3.33165e+01   4.16887e+01   3.25329e+01  -1.60786e+02  -4.98161e+02  -1.60805e+02   3.25192e+01   4.16806e+01   3.33102e+01   2.99076e+01   3.40245e+01   2.50070e+01   2.02542e+01   1.76229e+01   1.62130e+01   1.72044e+01   2.48574e+01   1.99540e+01   1.75191e+01   1.66314e+01   1.62687e+01   1.61584e+01   1.62168e+01   1.64328e+01   1.68556e+01   1.76594e+01   1.95355e+01   2.45229e+01   2.31931e+01   2.49786e+01   3.09178e+01   4.22336e+01   5.89920e+01   6.89166e+00  -1.34113e+02
  -7.00000e-03  -9.54089e+01  -5.78217e-01   4.54524e+01   4.19993e+01   3.54640e+01   3.15434e+01   3.02697e+01   2.97240e+01   2.71596e+01   2.54795e+01   2.46457e+01   2.42058e+01   2.39885e+01   2.39427e+01   2.40799e+01   2.44849e+01   2.53866e+01   2.72682e+01   2.89570e+01   2.61068e+01   2.48879e+01   2.57648e+01   2.78974e+01   3.15222e+01   3.60188e+01   3.53324e+01   3.44248e+01   3.10850e+01  -1.06844e+00  -1.48643e+02  -3.58683e+02  -1.48651e+02  -1.07774e+00   3.10762e+01   3.44191e+01   3.53273e+01   3.60148e+01   3.15186e+01   2.78949e+01   2.57615e+01   2.48854e+01   2.61032e+01   2.89535e+01   2.72653e+01   2.53842e+01   2.44823e+01   2.40779e+01   2.39403e+01   2.39863e+01   2.42036e+01   2.46432e+01   2.54748e+01   2.71567e+01   2.97205e+01   3.02665e+01   3.15394e+01   3.54595e+01   4.19927e+01   4.54444e+01  -5.77949e-01  -9.54089e+01
  -7.50000e-03  -7.27428e+01   2.54343e+00   3.03404e+01   3.36134e+01   3.17743e+01   3.02364e+01   2.97282e+01   2.91111e+01   2.76869e+01   2.64466e+01   2.57310e+01   2.53447e+01   2.51676e+01   2.51591e+01   2.53331e+01   2.57610e+01   2.65889e+01   2.79083e+01   2.86767e+01   2.74696e+01   2.65982e+01   2.71054e+01   2.86582e+01   3.10725e+01   3.32063e+01   3.24533e+01   2.86369e+01   1.76495e+01  -2.14200e+01  -1.27562e+02  -2.58114e+02  -1.27568e+02  -2.14285e+01   1.76422e+01   2.86325e+01   3.24489e+01   3.32024e+01   3.10689e+01   2.86542e+01   2.71024e+01   2.65954e+01   2.74665e+01   2.86732e+01   2.79054e+01   2.65862e+01   2.57586e+01   2.53312e+01   2.51570e+01   2.51649e+01   2.53424e+01   2.57288e+01   2.64440e+01   2.76821e+01   2.91078e+01   2.97254e+01   3.02332e+01   3.17700e+01   3.36086e+01   3.03349e+01   2.53820e+00  -7.27458e+01
# Longitudinally Integrated Squared Transverse Magnetic Field [T2m]
START
                -3.00000e-02  -2.90000e-02  -2.80000e-02  -2.70000e-02  -2.60000e-02  -2.50000e-02  -2.40000e-02  -2.30000e-02  -2.20000e-02  -2.10000e-02  -2.00000e-02  -1.90000e-02  -1.80000e-02  -1.70000e-02  -1.60000e-02  -1.50000e-02  -1.40000e-02  -1.30000e-02  -1.20000e-02  -1.10000e-02  -1.00000e-02  -9.00000e-03  -8.00000e-03  -7.00000e-03  -6.00000e-03  -5.00000e-03  -4.00000e-03  -3.00000e-03  -2.00000e-03  -1.00000e-03   0.00000e+00   1.00000e-03   2.00000e-03   3.00000e-03   4.00000e-03   5.00000e-03   6.00000e-03   7.00000e-03   8.00000e-03   9.00000e-03   1.00000e-02   1.10000e-02   1.20000e-02   1.30000e-02   1.40000e-02   1.50000e-02   1.60000e-02   1.70000e-02   1.80000e-02   1.90000e-02   2.00000e-02   2.10000e-02   2.20000e-02   2.30000e-02   2.40000e-02   2.50000e-02   2.60000e-02   2.70000e-02   2.80000e-02   2.90000e-02   3.00000e-02
   7.50000e-03   3.44460e-01   1.28043e+00   9.74592e-01   7.91319e-01   6.78689e-01   6.05475e-01   5.55648e-01   5.19424e-01   4.98004e-01   4.84959e-01   4.77796e-01   4.75412e-01   4.77340e-01   4.83438e-01   4.93797e-01   5.08747e-01   5.28960e-01   5.55846e-01   5.91861e-01   6.38666e-01   6.99332e-01   7.71855e-01   8.59532e-01   9.67896e-01   1.10565e+00   1.28314e+00   1.52114e+00   1.83886e+00   2.27996e+00   2.91378e+00   2.36273e+00   2.91399e+00   2.28015e+00   1.83904e+00   1.52132e+00   1.28328e+00   1.10577e+00   9.68013e-01   8.59649e-01   7.71970e-01   6.99446e-01   6.38779e-01   5.91973e-01   5.55958e-01   5.29072e-01   5.08859e-01   4.93909e-01   4.83550e-01   4.77452e-01   4.75525e-01   4.77909e-01   4.85072e-01   4.98118e-01   5.19540e-01   5.55766e-01   6.05597e-01   6.78816e-01   7.91453e-01   9.74737e-01   1.28060e+00   3.44483e-01
   7.00000e-03   4.10595e-01   1.26242e+00   9.27010e-01   7.45266e-01   6.37225e-01   5.66924e-01   5.18243e-01   4.82706e-01   4.62923e-01   4.51112e-01   4.44618e-01   4.42594e-01   4.44695e-01   4.50817e-01   4.61044e-01   4.75642e-01   4.95129e-01   5.20708e-01   5.55773e-01   6.04030e-01   6.65429e-01   7.37252e-01   8.23227e-01   9.28852e-01   1.06356e+00   1.24070e+00   1.47939e+00   1.80113e+00   2.26897e+00   3.00357e+00   2.60015e+00   3.00377e+00   2.26915e+00   1.80130e+00   1.47956e+00   1.24087e+00   1.06368e+00   9.28967e-01   8.23341e-01   7.37366e-01   6.65542e-01   6.04141e-01   5.55883e-01   5.20818e-01   4.95239e-01   4.75752e-01   4.61155e-01   4.50928e-01   4.44806e-01   4.42705e-01   4.44729e-01   4.51224e-01   4.63035e-01   4.82819e-01   5.18358e-01   5.67043e-01   6.37348e-01   7.45395e-01   9.27149e-01   1.26258e+00   4.10616e-01
   6.50000e-03   5.01644e-01   1.24149e+00   8.65646e-01   6.94564e-01   5.95431e-01   5.30050e-01   4.83137e-01   4.47752e-01   4.30927e-01   4.20667e-01   4.14906e-01   4.13274e-01   4.15574e-01   4.21747e-01   4.31870e-01   4.46139e-01   4.64867e-01   4.88651e-01   5.21337e-01   5.73321e-01   6.35556e-01   7.06288e-01   7.90081e-01   8.91939e-01   1.02093e+00   1.19864e+00   1.43494e+00   1.75228e+00   2.23367e+00   3.10340e+00   2.94079e+00   3.10359e+00   2.23384e+00   1.75245e+00   1.43511e+00   1.19880e+00   1.02106e+00   8.92060e-01   7.90193e-01   7.06400e-01   6.35667e-01   5.73431e-01   5.21445e-01   4.88759e-01   4.64976e-01   4.46249e-01   4.31980e-01   4.21857e-01   4.15684e-01   4.13384e-01   4.15016e-01   4.20777e-01   4.31038e-01   4.47863e-01   4.83251e-01   5.30167e-01   5.95551e-01   6.94688e-01   8.65777e-01   1.24164e+00   5.01667e-01
   6.00000e-03   6.21267e-01   1.18663e+00   8.08577e-01   6.62682e-01   5.76373e-01   5.17378e-01   4.72767e-01   4.33793e-01   4.23567e-01   4.14814e-01   4.09695e-01   4.08392e-01   4.10843e-01   4.17031e-01   4.27024e-01   4.40952e-01   4.58907e-01   4.80543e-01   5.04613e-01   5.68438e-01   6.30623e-01   6.99773e-01   7.80951e-01   8.78131e-01   9.95999e-01   1.18057e+00   1.40831e+00   1.70954e+00   2.17476e+00   3.16712e+00   3.33328e+00   3.16729e+00   2.17493e+00   1.70971e+00   1.40848e+00   1.18074e+00   9.96128e-01   8.78261e-01   7.81070e-01   6.99888e-01   6.30736e-01   5.68550e-01   5.04722e-01   4.80654e-01   4.59019e-01   4.41065e-01   4.27137e-01   4.17144e-01   4.10955e-01   4.08504e-01   4.09808e-01   4.14927e-01   4.23680e-01   4.33906e-01   4.72882e-01   5.17495e-01   5.76492e-01   6.62803e-01   8.08702e-01   1.18677e+00   6.21301e-01
   5.50000e-03   6.41790e-01   1.00015e+00   8.12634e-01   7.11506e-01   6.44244e-01   5.94907e-01   5.55626e-01   5.24106e-01   5.15737e-01   5.06753e-01   5.00918e-01   4.98666e-01   5.00018e-01   5.04974e-01   5.13575e-01   5.25873e-01   5.41769e-01   5.60243e-01   5.72654e-01   6.12366e-01   6.65386e-01   7.25063e-01   7.95077e-01   8.77993e-01   9.72666e-01   1.08442e+00   1.26627e+00   1.50859e+00   1.87511e+00   2.60250e+00   3.05948e+00   2.60260e+00   1.87523e+00   1.50871e+00   1.26640e+00   1.08455e+00   9.72796e-01   8.78124e-01   7.95208e-01   7.25194e-01   6.65516e-01   6.12495e-01   5.72780e-01   5.60371e-01   5.41897e-01   5.26002e-01   5.13703e-01   5.05102e-01   5.00146e-01   4.98794e-01   5.01046e-01   5.06881e-01   5.15865e-01   5.24233e-01   5.55755e-01   5.95037e-01   6.44376e-01   7.11639e-01   8.12767e-01   1.00028e+00   6.41844e-01
   5.00000e-03   5.32954e-01   6.77473e-01   6.21223e-01   5.55312e-01   5.03218e-01   4.62379e-01   4.29771e-01   4.06071e-01   3.93708e-01   3.85199e-01   3.80054e-01   3.78396e-01   3.80230e-01   3.85573e-01   3.94489e-01   4.07060e-01   4.23262e-01   4.42535e-01   4.63866e-01   4.99141e-01   5.47636e-01   6.04939e-01   6.72707e-01   7.52837e-01   8.45939e-01   9.61482e-01   1.12318e+00   1.33792e+00   1.63925e+00   2.08054e+00   2.34530e+00   2.08061e+00   1.63935e+00   1.33803e+00   1.12329e+00   9.61593e-01   8.46051e-01   7.52951e-01   6.72821e-01   6.05053e-01   5.47749e-01   4.99253e-01   4.63977e-01   4.42646e-01   4.23373e-01   4.07172e-01   3.94601e-01   3.85686e-01   3.80342e-01   3.78508e-01   3.80166e-01   3.85311e-01   3.93820e-01   4.06183e-01   4.29883e-01   4.62493e-01   5.03332e-01   5.55426e-01   6.21333e-01   6.77568e-01   5.33013e-01
   4.50000e-03   4.34975e-01   5.05139e-01   4.87842e-01   4.45212e-01   4.04729e-01   3.70690e-01   3.43215e-01   3.23024e-01   3.10231e-01   3.01978e-01   2.97314e-01   2.96109e-01   2.98329e-01   3.03997e-01   3.13196e-01   3.26047e-01   3.42646e-01   3.62975e-01   3.87853e-01   4.22363e-01   4.67926e-01   5.23164e-01   5.88954e-01   6.66850e-01   7.58741e-01   8.71755e-01   1.01814e+00   1.20515e+00   1.44391e+00   1.71994e+00   1.86322e+00   1.71999e+00   1.44399e+00   1.20524e+00   1.01823e+00   8.71853e-01   7.58840e-01   6.66950e-01   5.89055e-01   5.23264e-01   4.68026e-01   4.22462e-01   3.87952e-01   3.63074e-01   3.42745e-01   3.26146e-01   3.13295e-01   3.04097e-01   2.98429e-01   2.96208e-01   2.97414e-01   3.02077e-01   3.10330e-01   3.23123e-01   3.43315e-01   3.70790e-01   4.04829e-01   4.45310e-01   4.87934e-01   5.05218e-01   4.35030e-01
   4.00000e-03   3.60892e-01   3.96823e-01   3.87931e-01   3.57755e-01   3.25126e-01   2.96082e-01   2.72211e-01   2.54190e-01   2.41841e-01   2.33889e-01   2.29606e-01   2.28772e-01   2.31325e-01   2.37289e-01   2.46765e-01   2.59914e-01   2.76943e-01   2.98163e-01   3.24638e-01   3.59051e-01   4.02991e-01   4.56627e-01   5.20783e-01   5.96842e-01   6.86866e-01   7.95571e-01   9.29471e-01   1.09203e+00   1.28131e+00   1.46716e+00   1.55280e+00   1.46720e+00   1.28137e+00   1.09211e+00   9.29551e-01   7.95655e-01   6.86953e-01   5.96930e-01   5.20872e-01   4.56715e-01   4.03079e-01   3.59139e-01   3.24725e-01   2.98251e-01   2.77030e-01   2.60001e-01   2.46852e-01   2.37377e-01   2.31413e-01   2.28860e-01   2.29694e-01   2.33976e-01   2.41929e-01   2.54277e-01   2.72298e-01   2.96170e-01   3.25212e-01   3.57839e-01   3.88009e-01   3.96890e-01   3.60942e-01
   3.50000e-03   3.04355e-01   3.21417e-01   3.12254e-01   2.87748e-01   2.59855e-01   2.34155e-01   2.12680e-01   1.96117e-01   1.84348e-01   1.76728e-01   1.72766e-01   1.72241e-01   1.75080e-01   1.81311e-01   1.91047e-01   2.04484e-01   2.21906e-01   2.43771e-01   2.71060e-01   3.05502e-01   3.48554e-01   4.01036e-01   4.63892e-01   5.38388e-01   6.26288e-01   7.30484e-01   8.53990e-01   9.96568e-01   1.14990e+00   1.28429e+00   1.34119e+00   1.28432e+00   1.14995e+00   9.96629e-01   8.54059e-01   7.30556e-01   6.26362e-01   5.38464e-01   4.63969e-01   4.01113e-01   3.48631e-01   3.05578e-01   2.71136e-01   2.43847e-01   2.21982e-01   2.04560e-01   1.91123e-01   1.81387e-01   1.75156e-01   1.72317e-01   1.72842e-01   1.76804e-01   1.84424e-01   1.96193e-01   2.12756e-01   2.34230e-01   2.59929e-01   2.87819e-01   3.12320e-01   3.21473e-01   3.04399e-01
   3.00000e-03   2.60628e-01   2.66127e-01   2.54518e-01   2.32093e-01   2.06740e-01   1.83072e-01   1.63097e-01   1.47492e-01   1.36220e-01   1.28908e-01   1.25214e-01   1.24944e-01   1.28026e-01   1.34491e-01   1.44461e-01   1.58155e-01   1.75904e-01   1.98218e-01   2.25970e-01   2.60466e-01   3.03024e-01   3.54708e-01   4.16558e-01   4.89732e-01   5.75579e-01   6.75659e-01   7.90659e-01   9.17664e-01   1.04578e+00   1.14948e+00   1.19090e+00   1.14950e+00   1.04582e+00   9.17714e-01   7.90716e-01   6.75720e-01   5.75642e-01   4.89796e-01   4.16623e-01   3.54773e-01   3.03089e-01   2.60531e-01   2.26035e-01   1.98283e-01   1.75969e-01   1.58220e-01   1.44525e-01   1.34555e-01   1.28091e-01   1.25009e-01   1.25279e-01   1.28973e-01   1.36285e-01   1.47557e-01   1.63161e-01   1.83135e-01   2.06802e-01   2.32153e-01   2.54572e-01   2.66174e-01   2.60666e-01
   2.50000e-03   2.26758e-01   2.24717e-01   2.10448e-01   1.88396e-01   1.64202e-01   1.41635e-01   1.22525e-01   1.07510e-01   9.65987e-02   8.95352e-02   8.60576e-02   8.59947e-02   8.92785e-02   9.59405e-02   1.06111e-01   1.20024e-01   1.38030e-01   1.60656e-01   1.88695e-01   2.23249e-01   2.65530e-01   3.16677e-01   3.77769e-01   4.49856e-01   5.33899e-01   6.30483e-01   7.38722e-01   8.53987e-01   9.64665e-01   1.04938e+00   1.08192e+00   1.04940e+00   9.64695e-01   8.54027e-01   7.38768e-01   6.30533e-01   5.33950e-01   4.49909e-01   3.77823e-01   3.16731e-01   2.65584e-01   2.23302e-01   1.88749e-01   1.60709e-01   1.38084e-01   1.20077e-01   1.06165e-01   9.59943e-02   8.93323e-02   8.60485e-02   8.61114e-02   8.95889e-02   9.66523e-02   1.07564e-01   1.22578e-01   1.41687e-01   1.64253e-01   1.88444e-01   2.10493e-01   2.24756e-01   2.26790e-01
   2.00000e-03   2.00870e-01   1.93759e-01   1.77198e-01   1.54802e-01   1.30989e-01   1.08924e-01   9.02531e-02   7.55682e-02   6.48885e-02   5.80066e-02   5.46951e-02   5.47946e-02   5.82394e-02   6.50621e-02   7.53967e-02   8.94839e-02   1.07687e-01   1.30529e-01   1.58759e-01   1.93369e-01   2.35497e-01   2.86290e-01   3.46828e-01   4.18058e-01   5.00619e-01   5.94398e-01   6.97447e-01   8.04118e-01   9.02861e-01   9.75570e-01   1.00277e+00   9.75582e-01   9.02884e-01   8.04149e-01   6.97483e-01   5.94437e-01   5.00660e-01   4.18100e-01   3.46871e-01   2.86333e-01   2.35540e-01   1.93412e-01   1.58802e-01   1.30572e-01   1.07730e-01   8.95268e-02   7.54396e-02   6.51050e-02   5.82822e-02   5.48375e-02   5.47379e-02   5.80494e-02   6.49312e-02   7.56107e-02   9.02954e-02   1.08965e-01   1.31029e-01   1.54840e-01   1.77233e-01   1.93789e-01   2.00895e-01
   1.50000e-03   1.81741e-01   1.71220e-01   1.52881e-01   1.29934e-01   1.06117e-01   8.42130e-02   6.57234e-02   5.11969e-02   4.06502e-02   3.38893e-02   3.06970e-02   3.09176e-02   3.44849e-02   4.14314e-02   5.18925e-02   6.61123e-02   8.44581e-02   1.07451e-01   1.35811e-01   1.70469e-01   2.12516e-01   2.63083e-01   3.23233e-01   3.93822e-01   4.75246e-01   5.66902e-01   6.66147e-01   7.66755e-01   8.57494e-01   9.22575e-01   9.46508e-01   9.22584e-01   8.57511e-01   7.66778e-01   6.66174e-01   5.66931e-01   4.75277e-01   3.93853e-01   3.23265e-01   2.63115e-01   2.12548e-01   1.70501e-01   1.35843e-01   1.07483e-01   8.44902e-02   6.61444e-02   5.19246e-02   4.14634e-02   3.45169e-02   3.09497e-02   3.07291e-02   3.39212e-02   4.06821e-02   5.12287e-02   6.57549e-02   8.42440e-02   1.06147e-01   1.29962e-01   1.52907e-01   1.71242e-01   1.81759e-01
   1.00000e-03   1.68571e-01   1.55852e-01   1.36267e-01   1.12810e-01   8.88548e-02   6.69506e-02   4.85069e-02   3.40407e-02   2.35608e-02   1.68727e-02   1.37593e-02   1.40630e-02   1.77160e-02   2.47500e-02   3.53005e-02   4.96129e-02   6.80560e-02   9.11486e-02   1.19593e-01   1.54290e-01   1.96297e-01   2.46727e-01   3.06622e-01   3.76771e-01   4.57398e-01   5.47579e-01   6.44237e-01   7.40839e-01   8.26474e-01   8.86867e-01   9.08837e-01   8.86873e-01   8.26485e-01   7.40854e-01   6.44255e-01   5.47598e-01   4.57418e-01   3.76791e-01   3.06643e-01   2.46749e-01   1.96319e-01   1.54312e-01   1.19614e-01   9.11699e-02   6.80773e-02   4.96342e-02   3.53218e-02   2.47713e-02   1.77374e-02   1.40843e-02   1.37806e-02   1.68939e-02   2.35820e-02   3.40618e-02   4.85278e-02   6.69712e-02   8.88746e-02   1.12829e-01   1.36284e-01   1.55867e-01   1.68583e-01
   5.00000e-04   1.60856e-01   1.46903e-01   1.26582e-01   1.02783e-01   7.86957e-02   5.67486e-02   3.83000e-02   2.38488e-02   1.33968e-02   6.74639e-03   3.67732e-03   4.02946e-03   7.73318e-03   1.48192e-02   2.54228e-02   3.97898e-02   5.82894e-02   8.14389e-02   1.09932e-01   1.44654e-01   1.86644e-01   2.37001e-01   2.96752e-01   3.66644e-01   4.46801e-01   5.36116e-01   6.31276e-01   7.25599e-01   8.08398e-01   8.66245e-01   8.87163e-01   8.66248e-01   8.08404e-01   7.25607e-01   6.31284e-01   5.36125e-01   4.46811e-01   3.66654e-01   2.96763e-01   2.37012e-01   1.86654e-01   1.44665e-01   1.09943e-01   8.14495e-02   5.83001e-02   3.98004e-02   2.54334e-02   1.48298e-02   7.74384e-03   4.04011e-03   3.68795e-03   6.75701e-03   1.34074e-02   2.38593e-02   3.83105e-02   5.67588e-02   7.87055e-02   1.02793e-01   1.26590e-01   1.46910e-01   1.60862e-01
   0.00000e+00   1.58316e-01   1.43965e-01   1.23401e-01   9.94842e-02   7.53449e-02   5.33767e-02   3.49213e-02   2.04716e-02   1.00269e-02   3.38793e-03   3.33102e-04   7.01123e-04   4.42161e-03   1.15249e-02   2.21461e-02   3.65311e-02   5.50493e-02   7.82173e-02   1.06727e-01   1.41457e-01   1.83442e-01   2.33777e-01   2.93481e-01   3.63289e-01   4.43291e-01   5.32319e-01   6.26989e-01   7.20573e-01   8.02462e-01   8.59500e-01   8.80085e-01   8.59500e-01   8.02462e-01   7.20573e-01   6.26989e-01   5.32319e-01   4.43291e-01   3.63289e-01   2.93481e-01   2.33777e-01   1.83442e-01   1.41457e-01   1.06727e-01   7.82173e-02   5.50493e-02   3.65311e-02   2.21461e-02   1.15249e-02   4.42161e-03   7.01123e-04   3.33102e-04   3.38793e-03   1.00269e-02   2.04716e-02   3.49213e-02   5.33767e-02   7.53449e-02   9.94842e-02   1.23401e-01   1.43965e-01   1.58316e-01
  -5.00000e-04   1.60862e-01   1.46910e-01   1.26590e-01   1.02793e-01   7.87055e-02   5.67588e-02   3.83105e-02   2.38593e-02   1.34074e-02   6.75701e-03   3.68795e-03   4.04011e-03   7.74384e-03   1.48298e-02   2.54335e-02   3.98004e-02   5.83001e-02   8.14495e-02   1.09943e-01   1.44665e-01   1.86654e-01   2.37012e-01   2.96763e-01   3.66654e-01   4.46811e-01   5.36125e-01   6.31284e-01   7.25607e-01   8.08404e-01   8.66248e-01   8.87163e-01   8.66245e-01   8.08398e-01   7.25599e-01   6.31276e-01   5.36116e-01   4.46801e-01   3.66644e-01   2.96752e-01   2.37001e-01   1.86644e-01   1.44654e-01   1.09932e-01   8.14389e-02   5.82894e-02   3.97898e-02   2.54228e-02   1.48192e-02   7.73318e-03   4.02946e-03   3.67732e-03   6.74639e-03   1.33968e-02   2.38488e-02   3.83000e-02   5.67486e-02   7.86957e-02   1.02783e-01   1.26582e-01   1.46903e-01   1.60856e-01
  -1.00000e-03   1.68583e-01   1.55867e-01   1.36284e-01   1.12829e-01   8.88746e-02   6.69712e-02   4.85278e-02   3.40618e-02   2.35820e-02   1.68939e-02   1.37806e-02   1.40843e-02   1.77374e-02   2.47713e-02   3.53218e-02   4.96342e-02   6.80773e-02   9.11699e-02   1.19614e-01   1.54312e-01   1.96319e-01   2.46749e-01   3.06643e-01   3.76791e-01   4.57418e-01   5.47598e-01   6.44255e-01   7.40854e-01   8.26485e-01   8.86873e-01   9.08837e-01   8.86867e-01   8.26474e-01   7.40839e-01   6.44237e-01   5.47579e-01   4.57398e-01   3.76771e-01   3.06622e-01   2.46727e-01   1.96297e-01   1.54290e-01   1.19593e-01   9.11486e-02   6.80560e-02   4.96128e-02   3.53005e-02   2.47500e-02   1.77160e-02   1.40630e-02   1.37593e-02   1.68727e-02   2.35608e-02   3.40407e-02   4.85069e-02   6.69506e-02   8.88548e-02   1.12810e-01   1.36267e-01   1.55852e-01   1.68571e-01
  -1.50000e-03   1.81759e-01   1.71242e-01   1.52907e-01   1.29962e-01   1.06147e-01   8.42440e-02   6.57549e-02   5.12287e-02   4.06821e-02   3.39212e-02   3.07291e-02   3.09497e-02   3.45169e-02   4.14634e-02   5.19246e-02   6.61444e-02   8.44902e-02   1.07483e-01   1.35843e-01   1.70501e-01   2.12548e-01   2.63115e-01   3.23265e-01   3.93853e-01   4.75277e-01   5.66931e-01   6.66174e-01   7.66778e-01   8.57511e-01   9.22584e-01   9.46508e-01   9.22575e-01   8.57494e-01   7.66755e-01   6.66147e-01   5.66902e-01   4.75246e-01   3.93822e-01   3.23233e-01   2.63083e-01   2.12516e-01   1.70469e-01   1.35811e-01   1.07451e-01   8.44581e-02   6.61123e-02   5.18925e-02   4.14314e-02   3.44849e-02   3.09176e-02   3.06970e-02   3.38892e-02   4.06502e-02   5.11969e-02   6.57234e-02   8.42130e-02   1.06117e-01   1.29934e-01   1.52881e-01   1.71220e-01   1.81741e-01
  -2.00000e-03   2.00895e-01   1.93789e-01   1.77233e-01   1.54840e-01   1.31029e-01   1.08965e-01   9.02954e-02   7.56107e-02   6.49312e-02   5.80494e-02   5.47379e-02   5.48375e-02   5.82822e-02   6.51050e-02   7.54396e-02   8.95268e-02   1.07730e-01   1.30572e-01   1.58802e-01   1.93412e-01   2.35540e-01   2.86333e-01   3.46871e-01   4.18100e-01   5.00660e-01   5.94437e-01   6.97483e-01   8.04149e-01   9.02884e-01   9.75582e-01   1.00277e+00   9.75570e-01   9.02861e-01   8.04118e-01   6.97447e-01   5.94398e-01   5.00619e-01   4.18058e-01   3.46828e-01   2.86290e-01   2.35497e-01   1.93369e-01   1.58759e-01   1.30529e-01   1.07687e-01   8.94839e-02   7.53967e-02   6.50621e-02   5.82394e-02   5.47946e-02   5.46950e-02   5.80066e-02   6.48885e-02   7.55682e-02   9.02531e-02   1.08924e-01   1.30989e-01   1.54802e-01   1.77198e-01   1.93759e-01   2.00870e-01
  -2.50000e-03   2.26790e-01   2.24756e-01   2.10493e-01   1.88444e-01   1.64253e-01   1.41687e-01   1.22578e-01   1.07564e-01   9.66523e-02   8.95889e-02   8.61114e-02   8.60485e-02   8.93323e-02   9.59943e-02   1.06165e-01   1.20077e-01   1.38084e-01   1.60709e-01   1.88749e-01   2.23302e-01   2.65584e-01   3.16731e-01   3.77823e-01   4.49909e-01   5.33950e-01   6.30533e-01   7.38768e-01   8.54027e-01   9.64695e-01   1.04940e+00   1.08192e+00   1.04938e+00   9.64665e-01   8.53987e-01   7.38722e-01   6.30483e-01   5.33899e-01   4.49856e-01   3.77769e-01   3.16677e-01   2.65530e-01   2.23249e-01   1.88695e-01   1.60656e-01   1.38030e-01   1.20024e-01   1.06111e-01   9.59405e-02   8.92785e-02   8.59947e-02   8.60576e-02   8.95352e-02   9.65987e-02   1.07510e-01   1.22525e-01   1.41635e-01   1.64202e-01   1.88396e-01   2.10448e-01   2.24717e-01   2.26758e-01
  -3.00000e-03   2.60666e-01   2.66174e-01   2.54572e-01   2.32153e-01   2.06802e-01   1.83135e-01   1.63161e-01   1.47557e-01   1.36285e-01   1.28973e-01   1.25279e-01   1.25009e-01   1.28091e-01   1.34555e-01   1.44525e-01   1.58220e-01   1.75969e-01   1.98283e-01   2.26035e-01   2.60531e-01   3.03089e-01   3.54773e-01   4.16623e-01   4.89796e-01   5.75642e-01   6.75720e-01   7.90716e-01   9.17714e-01   1.04582e+00   1.14950e+00   1.19090e+00   1.14948e+00   1.04578e+00   9.17664e-01   7.90659e-01   6.75659e-01   5.75579e-01   4.89732e-01   4.16558e-01   3.54708e-01   3.03024e-01   2.60466e-01   2.25970e-01   1.98218e-01   1.75904e-01   1.58155e-01   1.44461e-01   1.34491e-01   1.28026e-01   1.24944e-01   1.25214e-01   1.28908e-01   1.36220e-01   1.47492e-01   1.63097e-01   1.83072e-01   2.06740e-01   2.32093e-01   2.54518e-01   2.66127e-01   2.60628e-01
  -3.50000e-03   3.04399e-01   3.21473e-01   3.12320e-01   2.87819e-01   2.59929e-01   2.34230e-01   2.12756e-01   1.96193e-01   1.84424e-01   1.76804e-01   1.72842e-01   1.72317e-01   1.75156e-01   1.81387e-01   1.91123e-01   2.04560e-01   2.21982e-01   2.43847e-01   2.71136e-01   3.05578e-01   3.48631e-01   4.01113e-01   4.63969e-01   5.38464e-01   6.26362e-01   7.30556e-01   8.54059e-01   9.96629e-01   1.14995e+00   1.28432e+00   1.34119e+00   1.28429e+00   1.14990e+00   9.96568e-01   8.53990e-01   7.30484e-01   6.26288e-01   5.38388e-01   4.63892e-01   4.01036e-01   3.48554e-01   3.05502e-01   2.71060e-01   2.43771e-01   2.21906e-01   2.04484e-01   1.91047e-01   1.81311e-01   1.75080e-01   1.72241e-01   1.72766e-01   1.76728e-01   1.84348e-01   1.96117e-01   2.12680e-01   2.34155e-01   2.59855e-01   2.87748e-01   3.12254e-01   3.21417e-01   3.04355e-01
  -4.00000e-03   3.60942e-01   3.96890e-01   3.88009e-01   3.57839e-01   3.25212e-01   2.96170e-01   2.72298e-01   2.54277e-01   2.41929e-01   2.33976e-01   2.29694e-01   2.28860e-01   2.31413e-01   2.37377e-01   2.46852e-01   2.60001e-01   2.77030e-01   2.98251e-01   3.24725e-01   3.59139e-01   4.03079e-01   4.56715e-01   5.20872e-01   5.96930e-01   6.86953e-01   7.95655e-01   9.29551e-01   1.09211e+00   1.28137e+00   1.46720e+00   1.55280e+00   1.46716e+00   1.28131e+00   1.09203e+00   9.29471e-01   7.95571e-01   6.86866e-01   5.96842e-01   5.20783e-01   4.56627e-01   4.02991e-01   3.59051e-01   3.24638e-01   2.98163e-01   2.76943e-01   2.59914e-01   2.46765e-01   2.37289e-01   2.31325e-01   2.28772e-01   2.29606e-01   2.33889e-01   2.41841e-01   2.54190e-01   2.72211e-01   2.96082e-01   3.25126e-01   3.57755e-01   3.87931e-01   3.96823e-01   3.60892e-01
  -4.50000e-03   4.35030e-01   5.05218e-01   4.87934e-01   4.45310e-01   4.04829e-01   3.70790e-01   3.43315e-01   3.23123e-01   3.10330e-01   3.02077e-01   2.97414e-01   2.96208e-01   2.98429e-01   3.04097e-01   3.13295e-01   3.26146e-01   3.42745e-01   3.63074e-01   3.87952e-01   4.22462e-01   4.68026e-01   5.23264e-01   5.89055e-01   6.66950e-01   7.58840e-01   8.71853e-01   1.01823e+00   1.20524e+00   1.44399e+00   1.71999e+00   1.86322e+00   1.71994e+00   1.44391e+00   1.20515e+00   1.01814e+00   8.71755e-01   7.58741e-01   6.66850e-01   5.88954e-01   5.23164e-01   4.67926e-01   4.22363e-01   3.87853e-01   3.62975e-01   3.42646e-01   3.26047e-01   3.13196e-01   3.03997e-01   2.98329e-01   2.96109e-01   2.97314e-01   3.01978e-01   3.10231e-01   3.23024e-01   3.43215e-01   3.70690e-01   4.04729e-01   4.45212e-01   4.87842e-01   5.05139e-01   4.34975e-01
  -5.00000e-03   5.33013e-01   6.77568e-01   6.21333e-01   5.55426e-01   5.03332e-01   4.62493e-01   4.29883e-01   4.06183e-01   3.93820e-01   3.85311e-01   3.80166e-01   3.78508e-01   3.80342e-01   3.85686e-01   3.94601e-01   4.07172e-01   4.23374e-01   4.42646e-01   4.63977e-01   4.99253e-01   5.47749e-01   6.05053e-01   6.72821e-01   7.52951e-01   8.46051e-01   9.61593e-01   1.12329e+00   1.33803e+00   1.63935e+00   2.08061e+00   2.34530e+00   2.08054e+00   1.63925e+00   1.33792e+00   1.12318e+00   9.61482e-01   8.45939e-01   7.52837e-01   6.72707e-01   6.04939e-01   5.47636e-01   4.99141e-01   4.63866e-01   4.42535e-01   4.23262e-01   4.07060e-01   3.94489e-01   3.85573e-01   3.80230e-01   3.78396e-01   3.80054e-01   3.85199e-01   3.93708e-01   4.06071e-01   4.29771e-01   4.62379e-01   5.03218e-01   5.55312e-01   6.21223e-01   6.77473e-01   5.32954e-01
  -5.50000e-03   6.41844e-01   1.00028e+00   8.12767e-01   7.11639e-01   6.44376e-01   5.95037e-01   5.55755e-01   5.24233e-01   5.15865e-01   5.06881e-01   5.01046e-01   4.98794e-01   5.00146e-01   5.05102e-01   5.13703e-01   5.26002e-01   5.41897e-01   5.60371e-01   5.72780e-01   6.12495e-01   6.65516e-01   7.25194e-01   7.95208e-01   8.78124e-01   9.72796e-01   1.08455e+00   1.26640e+00   1.50871e+00   1.87523e+00   2.60260e+00   3.05948e+00   2.60250e+00   1.87511e+00   1.50859e+00   1.26627e+00   1.08442e+00   9.72666e-01   8.77993e-01   7.95077e-01   7.25063e-01   6.65386e-01   6.12366e-01   5.72654e-01   5.60243e-01   5.41769e-01   5.25873e-01   5.13575e-01   5.04974e-01   5.00018e-01   4.98666e-01   5.00918e-01   5.06753e-01   5.15737e-01   5.24106e-01   5.55626e-01   5.94907e-01   6.44244e-01   7.11506e-01   8.12634e-01   1.00015e+00   6.41790e-01
  -6.00000e-03   6.21301e-01   1.18677e+00   8.08705e-01   6.62803e-01   5.76490e-01   5.17492e-01   4.72879e-01   4.33905e-01   4.23679e-01   4.14926e-01   4.09807e-01   4.08504e-01   4.10955e-01   4.17144e-01   4.27137e-01   4.41065e-01   4.59019e-01   4.80654e-01   5.04722e-01   5.68549e-01   6.30736e-01   6.99887e-01   7.81069e-01   8.78260e-01   9.96128e-01   1.18074e+00   1.40848e+00   1.70971e+00   2.17493e+00   3.16729e+00   3.33328e+00   3.16712e+00   2.17476e+00   1.70954e+00   1.40831e+00   1.18057e+00   9.95999e-01   8.78131e-01   7.80940e-01   6.99758e-01   6.30608e-01   5.68423e-01   5.04611e-01   4.80542e-01   4.58906e-01   4.40951e-01   4.27023e-01   4.17030e-01   4.10842e-01   4.08390e-01   4.09694e-01   4.14813e-01   4.23566e-01   4.33792e-01   4.72764e-01   5.17375e-01   5.76370e-01   6.62679e-01   8.08574e-01   1.18663e+00   6.21267e-01
  -6.50000e-03   5.01667e-01   1.24165e+00   8.65776e-01   6.94686e-01   5.95548e-01   5.30164e-01   4.83248e-01   4.47862e-01   4.31036e-01   4.20776e-01   4.15015e-01   4.13384e-01   4.15684e-01   4.21857e-01   4.31980e-01   4.46249e-01   4.64976e-01   4.88759e-01   5.21445e-01   5.73430e-01   6.35667e-01   7.06400e-01   7.90193e-01   8.92059e-01   1.02106e+00   1.19880e+00   1.43511e+00   1.75245e+00   2.23384e+00   3.10359e+00   2.94079e+00   3.10340e+00   2.23367e+00   1.75228e+00   1.43494e+00   1.19864e+00   1.02093e+00   8.91932e-01   7.90066e-01   7.06274e-01   6.35542e-01   5.73307e-01   5.21336e-01   4.88649e-01   4.64866e-01   4.46138e-01   4.31869e-01   4.21746e-01   4.15573e-01   4.13273e-01   4.14905e-01   4.20666e-01   4.30926e-01   4.47750e-01   4.83134e-01   5.30047e-01   5.95428e-01   6.94561e-01   8.65643e-01   1.24149e+00   5.01644e-01
  -7.00000e-03   4.10616e-01   1.26258e+00   9.27148e-01   7.45392e-01   6.37345e-01   5.67040e-01   5.18355e-01   4.82818e-01   4.63034e-01   4.51223e-01   4.44729e-01   4.42705e-01   4.44806e-01   4.50928e-01   4.61155e-01   4.75752e-01   4.95239e-01   5.20818e-01   5.55883e-01   6.04141e-01   6.65541e-01   7.37365e-01   8.23341e-01   9.28967e-01   1.06368e+00   1.24087e+00   1.47956e+00   1.80130e+00   2.26915e+00   3.00377e+00   2.60015e+00   3.00357e+00   2.26897e+00   1.80113e+00   1.47939e+00   1.24070e+00   1.06355e+00   9.28838e-01   8.23213e-01   7.37238e-01   6.65415e-01   6.04015e-01   5.55772e-01   5.20707e-01   4.95128e-01   4.75640e-01   4.61043e-01   4.50816e-01   4.44694e-01   4.42593e-01   4.44616e-01   4.51111e-01   4.62922e-01   4.82704e-01   5.18240e-01   5.66921e-01   6.37222e-01   7.45263e-01   9.27007e-01   1.26242e+00   4.10595e-01
  -7.50000e-03   3.44483e-01   1.28059e+00   9.74734e-01   7.91450e-01   6.78813e-01   6.05594e-01   5.55763e-01   5.19538e-01   4.98117e-01   4.85072e-01   4.77909e-01   4.75524e-01   4.77452e-01   4.83550e-01   4.93909e-01   5.08859e-01   5.29072e-01   5.55958e-01   5.91973e-01   6.38779e-01   6.99446e-01   7.71970e-01   8.59649e-01   9.68013e-01   1.10577e+00   1.28328e+00   1.52132e+00   1.83904e+00   2.28014e+00   2.91399e+00   2.36273e+00   2.91378e+00   2.27996e+00   1.83886e+00   1.52114e+00   1.28311e+00   1.10564e+00   9.67881e-01   8.59518e-01   7.71840e-01   6.99317e-01   6.38652e-01   5.91860e-01   5.55845e-01   5.28958e-01   5.08746e-01   4.93796e-01   4.83436e-01   4.77339e-01   4.75411e-01   4.77794e-01   4.84958e-01   4.98002e-01   5.19423e-01   5.55645e-01   6.05472e-01   6.78686e-01   7.91316e-01   9.74589e-01   1.28043e+00   3.44460e-01
