# Author : T. Tanabe
# EPU70HE
# Undulator Length [m]
1.82
# Number of Horizontal Points
61
# Number of Vertical Points
31
# Horizontal Kick [micro-rad]
START
                -3.00000e-02  -2.90000e-02  -2.80000e-02  -2.70000e-02  -2.60000e-02  -2.50000e-02  -2.40000e-02  -2.30000e-02  -2.20000e-02  -2.10000e-02  -2.00000e-02  -1.90000e-02  -1.80000e-02  -1.70000e-02  -1.60000e-02  -1.50000e-02  -1.40000e-02  -1.30000e-02  -1.20000e-02  -1.10000e-02  -1.00000e-02  -9.00000e-03  -8.00000e-03  -7.00000e-03  -6.00000e-03  -5.00000e-03  -4.00000e-03  -3.00000e-03  -2.00000e-03  -1.00000e-03   0.00000e+00   1.00000e-03   2.00000e-03   3.00000e-03   4.00000e-03   5.00000e-03   6.00000e-03   7.00000e-03   8.00000e-03   9.00000e-03   1.00000e-02   1.10000e-02   1.20000e-02   1.30000e-02   1.40000e-02   1.50000e-02   1.60000e-02   1.70000e-02   1.80000e-02   1.90000e-02   2.00000e-02   2.10000e-02   2.20000e-02   2.30000e-02   2.40000e-02   2.50000e-02   2.60000e-02   2.70000e-02   2.80000e-02   2.90000e-02   3.00000e-02
   7.50000e-03  -3.90732e+00   2.23899e+02   1.40112e+02   8.15650e+01   4.84582e+01   2.98879e+01   1.86151e+01   1.06060e+01   4.97018e+00   1.75907e+00  -3.60793e-01  -1.97104e+00  -3.33173e+00  -4.59316e+00  -5.87078e+00  -7.27588e+00  -9.00157e+00  -1.15147e+01  -1.54887e+01  -2.06983e+01  -2.45278e+01  -2.90079e+01  -3.50891e+01  -4.37724e+01  -5.65449e+01  -7.69912e+01  -1.01264e+02  -1.38641e+02  -1.96306e+02  -2.72637e+02  -1.18710e+01   2.76734e+02   1.90926e+02   1.35228e+02   9.89702e+01   7.54262e+01   5.54174e+01   4.31267e+01   3.45198e+01   2.84592e+01   2.39759e+01   2.01793e+01   1.38072e+01   1.13786e+01   8.83969e+00   7.06752e+00   5.61519e+00   4.29684e+00   3.00008e+00   1.62063e+00  -2.10572e+00  -2.09449e+00  -5.18857e+00  -1.01070e+01  -1.78623e+01  -2.84191e+01  -4.57512e+01  -7.66586e+01  -1.31559e+02  -2.18552e+02   1.21760e+01
   7.00000e-03  -2.20041e+01   2.62599e+02   1.40824e+02   7.54130e+01   4.36823e+01   2.69047e+01   1.69919e+01   8.85585e+00   3.24518e+00   6.03206e-01  -1.15031e+00  -2.53205e+00  -3.72643e+00  -4.85087e+00  -5.98766e+00  -7.21647e+00  -8.66971e+00  -1.08467e+01  -1.55813e+01  -2.14577e+01  -2.45376e+01  -2.84976e+01  -3.41185e+01  -4.23005e+01  -5.54531e+01  -7.71840e+01  -1.01253e+02  -1.42515e+02  -2.19763e+02  -3.47452e+02  -1.26180e+01   3.48378e+02   2.13870e+02   1.39318e+02   9.91754e+01   7.57531e+01   5.44840e+01   4.17714e+01   3.36194e+01   2.79840e+01   2.39866e+01   2.08972e+01   1.39271e+01   1.07630e+01   8.52505e+00   7.00369e+00   5.71101e+00   4.51894e+00   3.34661e+00   2.11332e+00   7.03948e-01  -1.07748e+00  -3.67182e+00  -8.60524e+00  -1.65160e+01  -2.59083e+01  -4.17502e+01  -7.16773e+01  -1.33357e+02  -2.56074e+02   3.12055e+01
   6.50000e-03  -6.48233e+01   3.46663e+02   1.32121e+02   6.42786e+01   3.66152e+01   2.27932e+01   1.53459e+01   6.36461e+00   1.00826e+00  -6.84015e-01  -2.00700e+00  -3.13595e+00  -4.15448e+00  -5.13283e+00  -6.12737e+00  -7.17634e+00  -8.29423e+00  -9.67888e+00  -1.55989e+01  -2.28508e+01  -2.44275e+01  -2.78277e+01  -3.29015e+01  -4.01388e+01  -5.30609e+01  -7.77685e+01  -9.85894e+01  -1.40757e+02  -2.35711e+02  -4.85032e+02  -1.42862e+01   4.79953e+02   2.30289e+02   1.38166e+02   9.68637e+01   7.64399e+01   5.23652e+01   3.97533e+01   3.24799e+01   2.73550e+01   2.38764e+01   2.21851e+01   1.40449e+01   9.68367e+00   8.17137e+00   6.95856e+00   5.83430e+00   4.77076e+00   3.72924e+00   3.44953e+00   1.46800e+00   6.95878e-02  -1.67628e+00  -6.44250e+00  -1.51327e+01  -2.23511e+01  -3.56415e+01  -6.21635e+01  -1.26903e+02  -3.36715e+02   7.53608e+01
   6.00000e-03  -2.19862e+02   4.44129e+02   1.01938e+02   4.81012e+01   2.78176e+01   1.78341e+01   1.38554e+01  -1.24780e+00  -1.42214e+00  -1.94173e+00  -2.84311e+00  -3.72480e+00  -4.56900e+00  -5.40599e+00  -6.26825e+00  -7.14847e+00  -7.94069e+00  -8.07337e+00  -1.09388e+01  -2.43288e+01  -2.40508e+01  -2.70239e+01  -3.15202e+01  -3.73892e+01  -4.50488e+01  -7.90123e+01  -9.25390e+01  -1.31171e+02  -2.25924e+02  -6.89400e+02  -1.84712e+01   6.83221e+02   2.22982e+02   1.29582e+02   9.12713e+01   7.74754e+01   4.50802e+01   3.71391e+01   3.11664e+01   2.65903e+01   2.35113e+01   2.34981e+01   1.05540e+01   8.18356e+00   7.84734e+00   6.95189e+00   5.99335e+00   5.06161e+00   4.15613e+00   4.09152e+00   2.29034e+00   1.28218e+00   6.04824e-01   1.31630e-01  -1.37874e+01  -1.79156e+01  -2.78216e+01  -4.78817e+01  -1.00871e+02  -4.35818e+02   2.31203e+02
   5.50000e-03  -3.27587e+02   8.23700e+01   4.88162e+01   2.72167e+01   1.68801e+01   1.12762e+01   9.34463e+00  -5.11562e+00  -2.32498e+00  -2.35215e+00  -2.96971e+00  -3.66563e+00  -4.37370e+00  -5.10636e+00  -5.86953e+00  -6.63752e+00  -7.24881e+00  -6.80787e+00   1.42022e+00  -1.97328e+01  -2.02323e+01  -2.28701e+01  -2.66195e+01  -3.09801e+01  -3.09267e+01  -5.72164e+01  -7.24028e+01  -1.00542e+02  -1.61584e+02  -3.31858e+02  -6.92469e+00   3.34641e+02   1.61087e+02   1.00276e+02   7.23141e+01   5.71588e+01   3.09241e+01   3.09212e+01   2.66085e+01   2.28934e+01   2.02902e+01   1.98171e+01  -1.08894e+00   6.74141e+00   7.19806e+00   6.59630e+00   5.83068e+00   5.06510e+00   4.32862e+00   3.61256e+00   2.91200e+00   2.28936e+00   2.26250e+00   4.83901e+00  -9.52436e+00  -1.14620e+01  -1.70500e+01  -2.73427e+01  -4.87880e+01  -8.17016e+01   3.30554e+02
   5.00000e-03  -1.79339e+02  -6.63707e+01   6.61612e+00   1.01857e+01   7.87479e+00   5.63259e+00   4.02443e+00  -1.00130e+00  -2.92203e+00  -3.15591e+00  -3.60007e+00  -4.13327e+00  -4.71903e+00  -5.35899e+00  -6.05611e+00  -6.78724e+00  -7.43271e+00  -7.59940e+00  -8.97448e+00  -1.64640e+01  -1.90727e+01  -2.19293e+01  -2.54986e+01  -2.95030e+01  -3.31562e+01  -4.73126e+01  -6.29806e+01  -8.27950e+01  -1.11949e+02  -1.00044e+02  -4.77003e-01   1.00509e+02   1.11850e+02   8.27286e+01   6.29490e+01   4.72762e+01   3.31659e+01   2.94958e+01   2.54960e+01   2.19323e+01   1.90790e+01   1.64600e+01   8.99278e+00   7.59816e+00   7.42547e+00   6.77990e+00   6.04887e+00   5.35148e+00   4.70997e+00   4.12343e+00   3.58888e+00   3.14208e+00   2.90340e+00   9.76486e-01  -4.04368e+00  -5.66094e+00  -7.89947e+00  -1.01989e+01  -6.59861e+00   6.63612e+01   1.79576e+02
   4.50000e-03  -1.05651e+02  -6.58968e+01  -1.59734e+01  -2.45737e+00   4.16462e-01   6.59113e-01  -5.35589e-02  -2.22637e+00  -3.56245e+00  -3.89581e+00  -4.21159e+00  -4.60754e+00  -5.08246e+00  -5.63892e+00  -6.28216e+00  -6.99980e+00  -7.74633e+00  -8.52492e+00  -1.06023e+01  -1.48968e+01  -1.80523e+01  -2.10818e+01  -2.45607e+01  -2.84976e+01  -3.33692e+01  -4.28303e+01  -5.45266e+01  -6.68804e+01  -7.60302e+01  -5.10262e+01  -3.15678e-02   5.10719e+01   7.59987e+01   6.68563e+01   5.45130e+01   4.28202e+01   3.33680e+01   2.84959e+01   2.45596e+01   2.10823e+01   1.80532e+01   1.48954e+01   1.06046e+01   8.52654e+00   7.74517e+00   6.99836e+00   6.28072e+00   5.63732e+00   5.08029e+00   4.60528e+00   4.20882e+00   3.89291e+00   3.55770e+00   2.22110e+00   4.97363e-02  -6.64858e-01  -4.20904e-01   2.45739e+00   1.59812e+01   6.58955e+01   1.05685e+02
   4.00000e-03  -7.12702e+01  -5.35314e+01  -2.44824e+01  -1.04147e+01  -5.15650e+00  -3.32333e+00  -3.03482e+00  -3.74268e+00  -4.35554e+00  -4.57377e+00  -4.76648e+00  -5.04450e+00  -5.42369e+00  -5.91038e+00  -6.51133e+00  -7.22795e+00  -8.06835e+00  -9.15959e+00  -1.11497e+01  -1.42534e+01  -1.73054e+01  -2.03787e+01  -2.37900e+01  -2.76630e+01  -3.24808e+01  -3.95055e+01  -4.76277e+01  -5.44327e+01  -5.43918e+01  -3.38400e+01  -1.25818e-02   3.38258e+01   5.43723e+01   5.44190e+01   4.76196e+01   3.95009e+01   3.24787e+01   2.76613e+01   2.37895e+01   2.03782e+01   1.73060e+01   1.42528e+01   1.11496e+01   9.15973e+00   8.06764e+00   7.22763e+00   6.51113e+00   5.91034e+00   5.42297e+00   5.04338e+00   4.76533e+00   4.57271e+00   4.35424e+00   3.74107e+00   3.03374e+00   3.32222e+00   5.15653e+00   1.04170e+01   2.44889e+01   5.35399e+01   7.12860e+01
   3.50000e-03  -5.25903e+01  -4.33407e+01  -2.62615e+01  -1.47329e+01  -8.96423e+00  -6.30540e+00  -5.26274e+00  -5.10799e+00  -5.17447e+00  -5.19359e+00  -5.25963e+00  -5.43439e+00  -5.73282e+00  -6.16117e+00  -6.72826e+00  -7.44477e+00  -8.34444e+00  -9.55548e+00  -1.14017e+01  -1.39628e+01  -1.68018e+01  -1.98267e+01  -2.31627e+01  -2.69140e+01  -3.13456e+01  -3.67830e+01  -4.22836e+01  -4.54552e+01  -4.17369e+01  -2.51792e+01  -1.26124e-02   2.51577e+01   4.17201e+01   4.54446e+01   4.22778e+01   3.67792e+01   3.13438e+01   2.69125e+01   2.31626e+01   1.98267e+01   1.68018e+01   1.39629e+01   1.14019e+01   9.55524e+00   8.34450e+00   7.44450e+00   6.72787e+00   6.16119e+00   5.73237e+00   5.43364e+00   5.25947e+00   5.19340e+00   5.17399e+00   5.10765e+00   5.26240e+00   6.30551e+00   8.96549e+00   1.47357e+01   2.62677e+01   4.33502e+01   5.26023e+01
   3.00000e-03  -4.12682e+01  -3.58934e+01  -2.54216e+01  -1.67030e+01  -1.13584e+01  -8.41663e+00  -6.91749e+00  -6.23968e+00  -5.92295e+00  -5.74548e+00  -5.69077e+00  -5.77512e+00  -6.00472e+00  -6.38525e+00  -6.92312e+00  -7.63582e+00  -8.56384e+00  -9.80734e+00  -1.15410e+01  -1.38189e+01  -1.64729e+01  -1.94124e+01  -2.26620e+01  -2.62595e+01  -3.02706e+01  -3.45963e+01  -3.82868e+01  -3.92339e+01  -3.41214e+01  -2.01489e+01  -1.07139e-02   2.01299e+01   3.41071e+01   3.92247e+01   3.82818e+01   3.45926e+01   3.02694e+01   2.62585e+01   2.26614e+01   1.94122e+01   1.64730e+01   1.38189e+01   1.15411e+01   9.80703e+00   8.56380e+00   7.63542e+00   6.92267e+00   6.38470e+00   6.00473e+00   5.77467e+00   5.69035e+00   5.74511e+00   5.92213e+00   6.23935e+00   6.91703e+00   8.41762e+00   1.13597e+01   1.67064e+01   2.54275e+01   3.59015e+01   4.12775e+01
   2.50000e-03  -3.39303e+01  -3.05354e+01  -2.37944e+01  -1.73418e+01  -1.27408e+01  -9.83921e+00  -8.11652e+00  -7.13091e+00  -6.55662e+00  -6.21701e+00  -6.05705e+00  -6.06460e+00  -6.23803e+00  -6.57730e+00  -7.09094e+00  -7.79638e+00  -8.73183e+00  -9.97381e+00  -1.16288e+01  -1.37445e+01  -1.62594e+01  -1.91105e+01  -2.22716e+01  -2.57157e+01  -2.93636e+01  -3.29013e+01  -3.53777e+01  -3.49954e+01  -2.93675e+01  -1.70410e+01  -7.87025e-03   1.70253e+01   2.93552e+01   3.49875e+01   3.53730e+01   3.28981e+01   2.93620e+01   2.57150e+01   2.22712e+01   1.91101e+01   1.62595e+01   1.37448e+01   1.16289e+01   9.97375e+00   8.73227e+00   7.79684e+00   7.09071e+00   6.57707e+00   6.23813e+00   6.06522e+00   6.05690e+00   6.21677e+00   6.55682e+00   7.13088e+00   8.11664e+00   9.83981e+00   1.27425e+01   1.73448e+01   2.37993e+01   3.05420e+01   3.39376e+01
   2.00000e-03  -2.90098e+01  -2.67055e+01  -2.21327e+01  -1.73159e+01  -1.34621e+01  -1.07511e+01  -8.95739e+00  -7.80292e+00  -7.06364e+00  -6.60269e+00  -6.35695e+00  -6.30322e+00  -6.43019e+00  -6.73646e+00  -7.22909e+00  -7.92537e+00  -8.85853e+00  -1.00879e+01  -1.16888e+01  -1.37060e+01  -1.61234e+01  -1.88972e+01  -2.19788e+01  -2.52883e+01  -2.86506e+01  -3.16365e+01  -3.33119e+01  -3.21355e+01  -2.63242e+01  -1.50610e+01  -7.16181e-03   1.50491e+01   2.63150e+01   3.21294e+01   3.33078e+01   3.16336e+01   2.86489e+01   2.52875e+01   2.19783e+01   1.88971e+01   1.61232e+01   1.37056e+01   1.16888e+01   1.00883e+01   8.85808e+00   7.92510e+00   7.22906e+00   6.73653e+00   6.42999e+00   6.30296e+00   6.35669e+00   6.60221e+00   7.06346e+00   7.80297e+00   8.95752e+00   1.07516e+01   1.34634e+01   1.73184e+01   2.21366e+01   2.67106e+01   2.90154e+01
   1.50000e-03  -2.57036e+01  -2.40245e+01  -2.07323e+01  -1.70272e+01  -1.37898e+01  -1.13057e+01  -9.52219e+00  -8.28471e+00  -7.44427e+00  -6.89867e+00  -6.58981e+00  -6.48822e+00  -6.58017e+00  -6.86138e+00  -7.33684e+00  -8.02239e+00  -8.94953e+00  -1.01669e+01  -1.17311e+01  -1.36873e+01  -1.60381e+01  -1.87528e+01  -2.17687e+01  -2.49719e+01  -2.81244e+01  -3.07358e+01  -3.18928e+01  -3.02401e+01  -2.43687e+01  -1.37950e+01  -4.35286e-03   1.37859e+01   2.43622e+01   3.02352e+01   3.18895e+01   3.07338e+01   2.81226e+01   2.49711e+01   2.17684e+01   1.87519e+01   1.60380e+01   1.36873e+01   1.17312e+01   1.01668e+01   8.94986e+00   8.02275e+00   7.33626e+00   6.86107e+00   6.58004e+00   6.48866e+00   6.58961e+00   6.89855e+00   7.44399e+00   8.28462e+00   9.52261e+00   1.13062e+01   1.37906e+01   1.70294e+01   2.07353e+01   2.40281e+01   2.57074e+01
   1.00000e-03  -2.35730e+01  -2.22515e+01  -1.97029e+01  -1.67038e+01  -1.39091e+01  -1.16202e+01  -9.87708e+00  -8.60465e+00  -7.70721e+00  -7.10708e+00  -6.75539e+00  -6.62098e+00  -6.68770e+00  -6.95013e+00  -7.41308e+00  -8.09117e+00  -9.01226e+00  -1.02181e+01  -1.17597e+01  -1.36790e+01  -1.59870e+01  -1.86600e+01  -2.16291e+01  -2.47564e+01  -2.77675e+01  -3.01376e+01  -3.09741e+01  -2.90421e+01  -2.31552e+01  -1.30112e+01  -2.87317e-03   1.30056e+01   2.31509e+01   2.90381e+01   3.09718e+01   3.01365e+01   2.77665e+01   2.47559e+01   2.16287e+01   1.86606e+01   1.59874e+01   1.36791e+01   1.17603e+01   1.02183e+01   9.01217e+00   8.09160e+00   7.41333e+00   6.94982e+00   6.68726e+00   6.62087e+00   6.75523e+00   7.10723e+00   7.70686e+00   8.60437e+00   9.87730e+00   1.16205e+01   1.39099e+01   1.67047e+01   1.97049e+01   2.22539e+01   2.35756e+01
   5.00000e-04  -2.23763e+01  -2.12399e+01  -1.90797e+01  -1.64696e+01  -1.39381e+01  -1.17772e+01  -1.00702e+01  -8.78660e+00  -7.86056e+00  -7.23147e+00  -6.85403e+00  -6.70009e+00  -6.75175e+00  -7.00343e+00  -7.45849e+00  -8.13174e+00  -9.04863e+00  -1.02477e+01  -1.17769e+01  -1.36761e+01  -1.59609e+01  -1.86093e+01  -2.15497e+01  -2.46320e+01  -2.75617e+01  -2.97979e+01  -3.04588e+01  -2.83799e+01  -2.24909e+01  -1.25830e+01  -1.45978e-03   1.25799e+01   2.24884e+01   2.83782e+01   3.04581e+01   2.97969e+01   2.75614e+01   2.46319e+01   2.15492e+01   1.86092e+01   1.59604e+01   1.36759e+01   1.17767e+01   1.02481e+01   9.04860e+00   8.13184e+00   7.45884e+00   7.00381e+00   6.75207e+00   6.70030e+00   6.85418e+00   7.23149e+00   7.86045e+00   8.78646e+00   1.00705e+01   1.17773e+01   1.39383e+01   1.64701e+01   1.90807e+01   2.12412e+01   2.23775e+01
   0.00000e+00  -2.19902e+01  -2.09114e+01  -1.88719e+01  -1.63857e+01  -1.39409e+01  -1.18245e+01  -1.01315e+01  -8.84535e+00  -7.91072e+00  -7.27225e+00  -6.88730e+00  -6.72671e+00  -6.77319e+00  -7.02150e+00  -7.47430e+00  -8.14513e+00  -9.06057e+00  -1.02573e+01  -1.17822e+01  -1.36756e+01  -1.59523e+01  -1.85928e+01  -2.15239e+01  -2.45914e+01  -2.74942e+01  -2.96871e+01  -3.02934e+01  -2.81678e+01  -2.22784e+01  -1.24458e+01   0.00000e+00   1.24458e+01   2.22784e+01   2.81678e+01   3.02934e+01   2.96871e+01   2.74942e+01   2.45916e+01   2.15239e+01   1.85928e+01   1.59525e+01   1.36753e+01   1.17822e+01   1.02574e+01   9.06058e+00   8.14546e+00   7.47430e+00   7.02149e+00   6.77319e+00   6.72671e+00   6.88730e+00   7.27210e+00   7.91090e+00   8.84535e+00   1.01315e+01   1.18245e+01   1.39409e+01   1.63856e+01   1.88717e+01   2.09114e+01   2.19901e+01
  -5.00000e-04  -2.23775e+01  -2.12411e+01  -1.90807e+01  -1.64702e+01  -1.39383e+01  -1.17773e+01  -1.00705e+01  -8.78661e+00  -7.86045e+00  -7.23150e+00  -6.85418e+00  -6.70014e+00  -6.75207e+00  -7.00380e+00  -7.45884e+00  -8.13183e+00  -9.04841e+00  -1.02481e+01  -1.17770e+01  -1.36761e+01  -1.59603e+01  -1.86093e+01  -2.15493e+01  -2.46319e+01  -2.75614e+01  -2.97968e+01  -3.04582e+01  -2.83782e+01  -2.24884e+01  -1.25799e+01   1.45978e-03   1.25830e+01   2.24909e+01   2.83799e+01   3.04588e+01   2.97978e+01   2.75617e+01   2.46320e+01   2.15497e+01   1.86091e+01   1.59607e+01   1.36759e+01   1.17769e+01   1.02480e+01   9.04863e+00   8.13173e+00   7.45903e+00   7.00344e+00   6.75175e+00   6.70028e+00   6.85410e+00   7.23141e+00   7.86050e+00   8.78661e+00   1.00703e+01   1.17773e+01   1.39381e+01   1.64696e+01   1.90798e+01   2.12399e+01   2.23762e+01
  -1.00000e-03  -2.35756e+01  -2.22539e+01  -1.97049e+01  -1.67047e+01  -1.39099e+01  -1.16205e+01  -9.87732e+00  -8.60436e+00  -7.70686e+00  -7.10723e+00  -6.75541e+00  -6.62087e+00  -6.68725e+00  -6.95017e+00  -7.41333e+00  -8.09108e+00  -9.01216e+00  -1.02183e+01  -1.17603e+01  -1.36791e+01  -1.59874e+01  -1.86603e+01  -2.16287e+01  -2.47559e+01  -2.77664e+01  -3.01365e+01  -3.09718e+01  -2.90381e+01  -2.31509e+01  -1.30056e+01   2.87317e-03   1.30112e+01   2.31552e+01   2.90419e+01   3.09741e+01   3.01376e+01   2.77675e+01   2.47564e+01   2.16291e+01   1.86600e+01   1.59870e+01   1.36790e+01   1.17597e+01   1.02180e+01   9.01204e+00   8.09118e+00   7.41314e+00   6.95013e+00   6.68770e+00   6.62098e+00   6.75539e+00   7.10708e+00   7.70701e+00   8.60464e+00   9.87719e+00   1.16202e+01   1.39091e+01   1.67038e+01   1.97028e+01   2.22515e+01   2.35731e+01
  -1.50000e-03  -2.57074e+01  -2.40281e+01  -2.07353e+01  -1.70294e+01  -1.37906e+01  -1.13062e+01  -9.52261e+00  -8.28479e+00  -7.44399e+00  -6.89836e+00  -6.58961e+00  -6.48866e+00  -6.58004e+00  -6.86107e+00  -7.33625e+00  -8.02275e+00  -8.95002e+00  -1.01668e+01  -1.17312e+01  -1.36871e+01  -1.60380e+01  -1.87523e+01  -2.17684e+01  -2.49711e+01  -2.81227e+01  -3.07338e+01  -3.18895e+01  -3.02352e+01  -2.43622e+01  -1.37859e+01   4.53630e-03   1.37950e+01   2.43687e+01   3.02401e+01   3.18928e+01   3.07358e+01   2.81243e+01   2.49717e+01   2.17687e+01   1.87528e+01   1.60379e+01   1.36872e+01   1.17312e+01   1.01666e+01   8.94946e+00   8.02233e+00   7.33662e+00   6.86138e+00   6.58017e+00   6.48822e+00   6.58981e+00   6.89867e+00   7.44427e+00   8.28471e+00   9.52221e+00   1.13057e+01   1.37898e+01   1.70272e+01   2.07324e+01   2.40246e+01   2.57036e+01
  -2.00000e-03  -2.90154e+01  -2.67104e+01  -2.21365e+01  -1.73184e+01  -1.34634e+01  -1.07516e+01  -8.95770e+00  -7.80297e+00  -7.06353e+00  -6.60221e+00  -6.35669e+00  -6.30247e+00  -6.42999e+00  -6.73668e+00  -7.22906e+00  -7.92524e+00  -8.85806e+00  -1.00883e+01  -1.16888e+01  -1.37056e+01  -1.61232e+01  -1.88971e+01  -2.19783e+01  -2.52875e+01  -2.86489e+01  -3.16338e+01  -3.33076e+01  -3.21294e+01  -2.63148e+01  -1.50493e+01   7.16176e-03   1.50610e+01   2.63242e+01   3.21355e+01   3.33117e+01   3.16364e+01   2.86506e+01   2.52883e+01   2.19789e+01   1.88972e+01   1.61234e+01   1.37058e+01   1.16886e+01   1.00876e+01   8.85852e+00   7.92541e+00   7.22910e+00   6.73646e+00   6.43019e+00   6.30322e+00   6.35695e+00   6.60264e+00   7.06359e+00   7.80291e+00   8.95740e+00   1.07511e+01   1.34621e+01   1.73159e+01   2.21323e+01   2.67055e+01   2.90097e+01
  -2.50000e-03  -3.39376e+01  -3.05420e+01  -2.37993e+01  -1.73448e+01  -1.27424e+01  -9.83982e+00  -8.11644e+00  -7.13095e+00  -6.55682e+00  -6.21684e+00  -6.05690e+00  -6.06529e+00  -6.23813e+00  -6.57721e+00  -7.09085e+00  -7.79685e+00  -8.73226e+00  -9.97379e+00  -1.16289e+01  -1.37446e+01  -1.62596e+01  -1.91101e+01  -2.22715e+01  -2.57148e+01  -2.93620e+01  -3.28981e+01  -3.53729e+01  -3.49876e+01  -2.93552e+01  -1.70253e+01   7.87026e-03   1.70409e+01   2.93675e+01   3.49954e+01   3.53777e+01   3.29014e+01   2.93636e+01   2.57158e+01   2.22716e+01   1.91105e+01   1.62594e+01   1.37445e+01   1.16285e+01   9.97423e+00   8.73207e+00   7.79615e+00   7.09094e+00   6.57730e+00   6.23803e+00   6.06483e+00   6.05705e+00   6.21701e+00   6.55662e+00   7.13092e+00   8.11652e+00   9.83921e+00   1.27408e+01   1.73418e+01   2.37944e+01   3.05354e+01   3.39302e+01
  -3.00000e-03  -4.12776e+01  -3.59015e+01  -2.54275e+01  -1.67064e+01  -1.13597e+01  -8.41760e+00  -6.91711e+00  -6.23935e+00  -5.92213e+00  -5.74511e+00  -5.68999e+00  -5.77467e+00  -6.00473e+00  -6.38464e+00  -6.92261e+00  -7.63548e+00  -8.56372e+00  -9.80702e+00  -1.15410e+01  -1.38189e+01  -1.64730e+01  -1.94122e+01  -2.26614e+01  -2.62585e+01  -3.02693e+01  -3.45926e+01  -3.82818e+01  -3.92247e+01  -3.41071e+01  -2.01297e+01   1.07138e-02   2.01489e+01   3.41214e+01   3.92339e+01   3.82868e+01   3.45967e+01   3.02706e+01   2.62593e+01   2.26620e+01   1.94124e+01   1.64731e+01   1.38189e+01   1.15409e+01   9.80731e+00   8.56383e+00   7.63582e+00   6.92311e+00   6.38525e+00   6.00472e+00   5.77512e+00   5.69077e+00   5.74548e+00   5.92295e+00   6.23968e+00   6.91696e+00   8.41688e+00   1.13583e+01   1.67030e+01   2.54216e+01   3.58934e+01   4.12682e+01
  -3.50000e-03  -5.26022e+01  -4.33502e+01  -2.62678e+01  -1.47357e+01  -8.96572e+00  -6.30528e+00  -5.26246e+00  -5.10772e+00  -5.17405e+00  -5.19334e+00  -5.25924e+00  -5.43364e+00  -5.73237e+00  -6.16119e+00  -6.72786e+00  -7.44451e+00  -8.34458e+00  -9.55523e+00  -1.14018e+01  -1.39630e+01  -1.68018e+01  -1.98267e+01  -2.31625e+01  -2.69126e+01  -3.13438e+01  -3.67792e+01  -4.22778e+01  -4.54446e+01  -4.17201e+01  -2.51577e+01   1.26126e-02   2.51792e+01   4.17369e+01   4.54552e+01   4.22836e+01   3.67831e+01   3.13456e+01   2.69140e+01   2.31627e+01   1.98267e+01   1.68018e+01   1.39630e+01   1.14011e+01   9.55548e+00   8.34444e+00   7.44473e+00   6.72825e+00   6.16117e+00   5.73291e+00   5.43439e+00   5.25963e+00   5.19359e+00   5.17447e+00   5.10799e+00   5.26302e+00   6.30541e+00   8.96421e+00   1.47329e+01   2.62615e+01   4.33408e+01   5.25904e+01
  -4.00000e-03  -7.12859e+01  -5.35399e+01  -2.44889e+01  -1.04171e+01  -5.15638e+00  -3.32220e+00  -3.03373e+00  -3.74118e+00  -4.35449e+00  -4.57277e+00  -4.76533e+00  -5.04338e+00  -5.42291e+00  -5.91034e+00  -6.51088e+00  -7.22762e+00  -8.06765e+00  -9.15970e+00  -1.11495e+01  -1.42531e+01  -1.73060e+01  -2.03782e+01  -2.37893e+01  -2.76610e+01  -3.24784e+01  -3.95008e+01  -4.76196e+01  -5.44190e+01  -5.43722e+01  -3.38258e+01   1.25818e-02   3.38402e+01   5.43918e+01   5.44327e+01   4.76277e+01   3.95055e+01   3.24808e+01   2.76631e+01   2.37900e+01   2.03787e+01   1.73054e+01   1.42532e+01   1.11497e+01   9.15933e+00   8.06835e+00   7.22800e+00   6.51133e+00   5.91038e+00   5.42369e+00   5.04450e+00   4.76648e+00   4.57376e+00   4.35580e+00   3.74267e+00   3.03481e+00   3.32359e+00   5.15650e+00   1.04147e+01   2.44822e+01   5.35314e+01   7.12702e+01
  -4.50000e-03  -1.05685e+02  -6.58954e+01  -1.59811e+01  -2.45744e+00   4.20904e-01   6.64924e-01  -4.99443e-02  -2.22109e+00  -3.55769e+00  -3.89291e+00  -4.20888e+00  -4.60517e+00  -5.08029e+00  -5.63738e+00  -6.28072e+00  -6.99836e+00  -7.74518e+00  -8.52653e+00  -1.06046e+01  -1.48952e+01  -1.80532e+01  -2.10824e+01  -2.45596e+01  -2.84959e+01  -3.33682e+01  -4.28202e+01  -5.45129e+01  -6.68558e+01  -7.59988e+01  -5.10719e+01   3.15676e-02   5.10262e+01   7.60305e+01   6.68804e+01   5.45266e+01   4.28303e+01   3.33692e+01   2.84976e+01   2.45607e+01   2.10823e+01   1.80523e+01   1.48968e+01   1.06023e+01   8.52550e+00   7.74633e+00   6.99980e+00   6.28216e+00   5.63892e+00   5.08246e+00   4.60754e+00   4.21159e+00   3.89581e+00   3.56243e+00   2.22610e+00   5.35480e-02  -6.59093e-01  -4.16452e-01   2.45764e+00   1.59734e+01   6.58970e+01   1.05651e+02
  -5.00000e-03  -1.79576e+02  -6.63612e+01   6.59861e+00   1.01989e+01   7.89955e+00   5.66091e+00   4.04357e+00  -9.76206e-01  -2.90351e+00  -3.14219e+00  -3.58831e+00  -4.12343e+00  -4.71002e+00  -5.35143e+00  -6.04881e+00  -6.77991e+00  -7.42541e+00  -7.59870e+00  -8.99287e+00  -1.64600e+01  -1.90791e+01  -2.19323e+01  -2.54961e+01  -2.94958e+01  -3.31659e+01  -4.72765e+01  -6.29493e+01  -8.27286e+01  -1.11850e+02  -1.00509e+02   4.76936e-01   1.00043e+02   1.11949e+02   8.27950e+01   6.29802e+01   4.73126e+01   3.31561e+01   2.95031e+01   2.54986e+01   2.19293e+01   1.90727e+01   1.64639e+01   8.97450e+00   7.59883e+00   7.43269e+00   6.78721e+00   6.05611e+00   5.35897e+00   4.71903e+00   4.13327e+00   3.60007e+00   3.15591e+00   2.92144e+00   1.00069e+00  -4.02384e+00  -5.63198e+00  -7.87481e+00  -1.01851e+01  -6.61609e+00   6.63707e+01   1.79339e+02
  -5.50000e-03  -3.30554e+02   8.17016e+01   4.87880e+01   2.73427e+01   1.70500e+01   1.14621e+01   9.52497e+00  -4.83901e+00  -2.26249e+00  -2.28941e+00  -2.91144e+00  -3.61256e+00  -4.32852e+00  -5.06510e+00  -5.83068e+00  -6.59691e+00  -7.19805e+00  -6.74144e+00   1.08904e+00  -1.98171e+01  -2.02902e+01  -2.28928e+01  -2.66085e+01  -3.09212e+01  -3.09247e+01  -5.71582e+01  -7.23141e+01  -1.00276e+02  -1.61087e+02  -3.34641e+02   6.92476e+00   3.31858e+02   1.61584e+02   1.00542e+02   7.24028e+01   5.72164e+01   3.09274e+01   3.09801e+01   2.66195e+01   2.28694e+01   2.02322e+01   1.97328e+01  -1.42020e+00   6.80848e+00   7.24879e+00   6.63688e+00   5.86955e+00   5.10636e+00   4.37370e+00   3.66562e+00   2.96971e+00   2.35149e+00   2.32499e+00   5.11561e+00  -9.34462e+00  -1.12762e+01  -1.68807e+01  -2.72167e+01  -4.88162e+01  -8.23700e+01   3.27587e+02
  -6.00000e-03  -2.31203e+02   4.35709e+02   1.00818e+02   4.78259e+01   2.77617e+01   1.78512e+01   1.37157e+01  -1.81398e-01  -6.46456e-01  -1.29934e+00  -2.28717e+00  -3.24138e+00  -4.15334e+00  -5.05800e+00  -5.98877e+00  -6.94723e+00  -7.84286e+00  -8.17907e+00  -1.05489e+01  -2.34267e+01  -2.35115e+01  -2.65908e+01  -3.11665e+01  -3.71390e+01  -4.50800e+01  -7.74749e+01  -9.12715e+01  -1.29582e+02  -2.22982e+02  -6.83220e+02   1.84713e+01   6.89400e+02   2.25924e+02   1.31171e+02   9.25389e+01   7.90128e+01   4.50487e+01   3.73893e+01   3.15202e+01   2.70239e+01   2.40508e+01   2.43287e+01   1.09374e+01   8.07338e+00   7.94200e+00   7.14845e+00   6.26824e+00   5.40597e+00   4.56897e+00   3.72544e+00   2.84244e+00   1.94175e+00   1.42211e+00   1.24779e+00  -1.38561e+01  -1.78341e+01  -2.78169e+01  -4.81012e+01  -1.01938e+02  -4.44129e+02   2.19862e+02
  -6.50000e-03  -7.53607e+01   3.36566e+02   1.26826e+02   6.20987e+01   3.55783e+01   2.22864e+01   1.50632e+01   6.38801e+00   1.63240e+00  -8.84635e-02  -1.46426e+00  -2.64876e+00  -3.72632e+00  -4.76741e+00  -5.83038e+00  -6.95420e+00  -8.16687e+00  -9.67867e+00  -1.40380e+01  -2.21136e+01  -2.38758e+01  -2.73551e+01  -3.24802e+01  -3.97534e+01  -5.23655e+01  -7.64400e+01  -9.68635e+01  -1.38167e+02  -2.30289e+02  -4.79953e+02   1.42856e+01   4.85032e+02   2.35710e+02   1.40757e+02   9.85892e+01   7.77685e+01   5.30607e+01   4.01389e+01   3.29016e+01   2.78277e+01   2.44275e+01   2.28508e+01   1.55989e+01   9.67819e+00   8.29420e+00   7.17638e+00   6.12736e+00   5.13282e+00   4.15447e+00   3.13595e+00   2.00699e+00   6.84016e-01  -1.00824e+00  -6.36463e+00  -1.53472e+01  -2.27932e+01  -3.66151e+01  -6.42787e+01  -1.32121e+02  -3.46663e+02   6.48233e+01
  -7.00000e-03  -3.12055e+01   2.55944e+02   1.33267e+02   7.16047e+01   4.16841e+01   2.58435e+01   1.64500e+01   8.55136e+00   3.62717e+00   1.05894e+00  -7.00544e-01  -2.10858e+00  -3.34401e+00  -4.51556e+00  -5.70703e+00  -6.99880e+00  -8.51987e+00  -1.07573e+01  -1.39205e+01  -2.08257e+01  -2.39872e+01  -2.79843e+01  -3.36198e+01  -4.17712e+01  -5.44836e+01  -7.57530e+01  -9.91753e+01  -1.39319e+02  -2.13870e+02  -3.48377e+02   1.26186e+01   3.47452e+02   2.19763e+02   1.42515e+02   1.01253e+02   7.71841e+01   5.54531e+01   4.23005e+01   3.41184e+01   2.84969e+01   2.45383e+01   2.14569e+01   1.55812e+01   1.08473e+01   8.66969e+00   7.21650e+00   5.98765e+00   4.85085e+00   3.72643e+00   2.53205e+00   1.15031e+00  -6.03206e-01  -3.24518e+00  -8.85585e+00  -1.69920e+01  -2.69047e+01  -4.36823e+01  -7.54124e+01  -1.40824e+02  -2.62599e+02   2.20042e+01
  -7.50000e-03  -1.21760e+01   2.18435e+02   1.31464e+02   7.65811e+01   4.56842e+01   2.83550e+01   1.77990e+01   1.00544e+01   5.14283e+00   2.07622e+00  -4.86162e-03  -1.61551e+00  -2.99730e+00  -4.29303e+00  -5.61105e+00  -7.06280e+00  -8.83415e+00  -1.13724e+01  -1.38007e+01  -2.01100e+01  -2.39758e+01  -2.84598e+01  -3.45195e+01  -4.31267e+01  -5.54173e+01  -7.54254e+01  -9.89700e+01  -1.35228e+02  -1.90926e+02  -2.76733e+02   1.18710e+01   2.72637e+02   1.96306e+02   1.38641e+02   1.01265e+02   7.69910e+01   5.65450e+01   4.37724e+01   3.50892e+01   2.90079e+01   2.45278e+01   2.06984e+01   1.54881e+01   1.15147e+01   9.00025e+00   7.27587e+00   5.87076e+00   4.59315e+00   3.33172e+00   1.97103e+00   3.60808e-01  -1.75904e+00  -4.97021e+00  -1.06060e+01  -1.86151e+01  -2.98879e+01  -4.84582e+01  -8.15650e+01  -1.40112e+02  -2.23899e+02   3.90703e+00
# Vertical Kick [micro-rad]
START
                -3.00000e-02  -2.90000e-02  -2.80000e-02  -2.70000e-02  -2.60000e-02  -2.50000e-02  -2.40000e-02  -2.30000e-02  -2.20000e-02  -2.10000e-02  -2.00000e-02  -1.90000e-02  -1.80000e-02  -1.70000e-02  -1.60000e-02  -1.50000e-02  -1.40000e-02  -1.30000e-02  -1.20000e-02  -1.10000e-02  -1.00000e-02  -9.00000e-03  -8.00000e-03  -7.00000e-03  -6.00000e-03  -5.00000e-03  -4.00000e-03  -3.00000e-03  -2.00000e-03  -1.00000e-03   0.00000e+00   1.00000e-03   2.00000e-03   3.00000e-03   4.00000e-03   5.00000e-03   6.00000e-03   7.00000e-03   8.00000e-03   9.00000e-03   1.00000e-02   1.10000e-02   1.20000e-02   1.30000e-02   1.40000e-02   1.50000e-02   1.60000e-02   1.70000e-02   1.80000e-02   1.90000e-02   2.00000e-02   2.10000e-02   2.20000e-02   2.30000e-02   2.40000e-02   2.50000e-02   2.60000e-02   2.70000e-02   2.80000e-02   2.90000e-02   3.00000e-02
   7.50000e-03   6.20921e+01  -5.11055e+00  -3.03947e+01  -2.64648e+01  -1.85526e+01  -1.26373e+01  -8.92362e+00  -6.02469e+00  -2.92994e+00  -3.89101e-01   1.39497e+00   2.65992e+00   3.56212e+00   4.17502e+00   4.52380e+00   4.57326e+00   4.23026e+00   3.40430e+00   2.79940e+00   3.56556e+00   4.16876e+00   3.74124e+00   2.47175e+00   4.36900e-01  -1.69387e+00  -2.34112e+00  -1.19254e+00   4.39527e+00   3.02824e+01   1.10831e+02   1.61039e+02   1.05859e+02   2.84919e+01   3.03716e+00  -2.81631e+00  -4.23952e+00  -3.82501e+00  -1.93491e+00  -6.93451e-02   1.10153e+00   1.49061e+00   9.10735e-01   1.70701e-01   7.03240e-01   1.47614e+00   1.81056e+00   1.78415e+00   1.48973e+00   9.57787e-01   1.53221e-01  -3.06010e+00  -2.52045e+00  -4.74378e+00  -7.41944e+00  -9.87759e+00  -1.29303e+01  -1.77847e+01  -2.40672e+01  -2.60534e+01  -4.74132e-01   6.24386e+01
   7.00000e-03   8.74822e+01  -1.10953e+01  -5.35060e+01  -3.90132e+01  -2.43557e+01  -1.49198e+01  -9.72621e+00  -6.41309e+00  -1.97473e+00   1.18204e+00   3.20922e+00   4.61051e+00   5.60237e+00   6.28415e+00   6.68560e+00   6.77194e+00   6.39072e+00   5.15949e+00   3.75655e+00   5.64254e+00   6.56290e+00   5.90243e+00   4.23013e+00   1.35112e+00  -2.49673e+00  -3.48464e+00  -4.72783e+00  -5.64711e+00   1.19539e+01   1.23476e+02   2.27587e+02   1.20356e+02   1.28228e+01  -5.26512e+00  -5.04721e+00  -4.21446e+00  -3.53851e+00  -2.65476e-02   2.65273e+00   4.21260e+00   4.83328e+00   3.97530e+00   2.17426e+00   3.41661e+00   4.56717e+00   4.93690e+00   4.87477e+00   4.52742e+00   3.92652e+00   3.03191e+00   1.79569e+00  -2.29512e-03  -2.79575e+00  -6.69413e+00  -9.52115e+00  -1.39277e+01  -2.19895e+01  -3.43975e+01  -4.57537e+01  -3.28995e+00   8.79197e+01
   6.50000e-03   1.36066e+02  -4.47686e+01  -7.90902e+01  -4.54456e+01  -2.40343e+01  -1.16242e+01  -5.32776e+00  -3.35299e+00   3.63985e+00   7.17460e+00   9.30122e+00   1.07649e+01   1.18051e+01   1.25250e+01   1.29664e+01   1.31003e+01   1.27507e+01   1.11540e+01   7.08313e+00   1.23819e+01   1.32979e+01   1.22870e+01   1.02766e+01   6.63547e+00  -3.93720e-01   4.94479e-01  -3.85767e+00  -1.40589e+01  -1.86275e+01   1.07929e+02   3.34993e+02   1.16560e+02  -8.75293e+00  -6.42558e+00   2.57028e+00   6.45142e+00   5.19887e+00   1.17101e+01   1.51343e+01   1.70298e+01   1.79954e+01   1.71891e+01   1.22174e+01   1.58183e+01   1.73065e+01   1.76358e+01   1.75120e+01   1.71023e+01   1.64359e+01   1.54613e+01   1.41269e+01   1.21947e+01   9.00070e+00   2.76841e+00   1.10549e+00  -4.38617e+00  -1.52450e+01  -3.39005e+01  -6.25893e+01  -2.45965e+01   1.36544e+02
   6.00000e-03   1.79935e+02  -2.57189e+02  -1.15367e+02  -5.91653e+01  -3.30752e+01  -1.91146e+01  -1.17426e+01  -1.81555e+01  -3.48425e+00  -4.81308e-01   1.32355e+00   2.54353e+00   3.38320e+00   3.93939e+00   4.25067e+00   4.30286e+00   3.95428e+00   2.43860e+00  -1.42588e+01   5.25873e+00   4.73850e+00   3.38482e+00   1.18678e+00  -2.84032e+00  -1.49130e+01  -5.93029e+00  -1.81175e+01  -3.89140e+01  -7.91736e+01  -1.29100e+02   3.31569e+02   1.65954e+01   4.99144e+01   8.66113e+01   1.06168e+02   1.17911e+02   1.08170e+02   1.19906e+02   1.23886e+02   1.26013e+02   1.27242e+02   1.27593e+02   1.09137e+02   1.24221e+02   1.25712e+02   1.25974e+02   1.25775e+02   1.25262e+02   1.24462e+02   1.23340e+02   1.21788e+02   1.19691e+02   1.16372e+02   1.02568e+02   1.08536e+02   1.01712e+02   8.89178e+01   6.52353e+01   1.47246e+01  -1.06461e+02   1.78647e+02
   5.50000e-03  -2.51350e+01  -5.54115e+02  -2.81353e+02  -2.20695e+02  -1.94187e+02  -1.79546e+02  -1.69464e+02  -1.54626e+02  -1.61559e+02  -1.59867e+02  -1.58506e+02  -1.57533e+02  -1.56849e+02  -1.56376e+02  -1.56057e+02  -1.55857e+02  -1.55743e+02  -1.55544e+02  -1.43758e+02  -1.51606e+02  -1.55255e+02  -1.57200e+02  -1.59304e+02  -1.62300e+02  -1.66206e+02  -1.59164e+02  -1.79283e+02  -2.04574e+02  -2.64906e+02  -5.73001e+02  -2.62237e+02  -6.10957e+02  -3.04077e+02  -2.45171e+02  -2.20489e+02  -2.00179e+02  -2.07138e+02  -2.03827e+02  -2.01008e+02  -1.98859e+02  -1.96690e+02  -1.92536e+02  -1.84145e+02  -1.96210e+02  -1.96743e+02  -1.97066e+02  -1.97432e+02  -1.97907e+02  -1.98545e+02  -1.99411e+02  -2.00586e+02  -2.02161e+02  -2.04039e+02  -1.97354e+02  -2.12943e+02  -2.23964e+02  -2.39457e+02  -2.66725e+02  -3.27831e+02  -5.99666e+02  -2.77048e+01
   5.00000e-03  -1.03089e+02  -2.89806e+02  -2.04975e+02  -1.60439e+02  -1.38022e+02  -1.24710e+02  -1.14958e+02  -1.07429e+02  -1.07366e+02  -1.05884e+02  -1.04460e+02  -1.03345e+02  -1.02498e+02  -1.01858e+02  -1.01369e+02  -1.00967e+02  -1.00534e+02  -9.95008e+01  -9.46376e+01  -9.65387e+01  -9.98008e+01  -1.01748e+02  -1.03646e+02  -1.05905e+02  -1.06816e+02  -1.07773e+02  -1.22993e+02  -1.47767e+02  -2.03550e+02  -3.52282e+02  -3.29090e+02  -3.52727e+02  -2.03758e+02  -1.48204e+02  -1.23534e+02  -1.08367e+02  -1.07443e+02  -1.06539e+02  -1.04296e+02  -1.02395e+02  -1.00430e+02  -9.71413e+01  -9.52657e+01  -1.00083e+02  -1.01143e+02  -1.01601e+02  -1.02024e+02  -1.02537e+02  -1.03201e+02  -1.04077e+02  -1.05226e+02  -1.06688e+02  -1.08211e+02  -1.08356e+02  -1.15922e+02  -1.25767e+02  -1.39173e+02  -1.61668e+02  -2.06230e+02  -2.90937e+02  -1.03606e+02
   4.50000e-03  -8.89021e+01  -1.68286e+02  -1.54042e+02  -1.29058e+02  -1.12658e+02  -1.01863e+02  -9.39861e+01  -8.87506e+01  -8.68970e+01  -8.54356e+01  -8.41379e+01  -8.30981e+01  -8.22904e+01  -8.16619e+01  -8.11577e+01  -8.07108e+01  -8.01846e+01  -7.91583e+01  -7.71043e+01  -7.75172e+01  -7.94768e+01  -8.11054e+01  -8.27154e+01  -8.45016e+01  -8.59321e+01  -8.93276e+01  -1.00802e+02  -1.21900e+02  -1.62870e+02  -2.26697e+02  -2.36541e+02  -2.26624e+02  -1.62729e+02  -1.21812e+02  -1.00743e+02  -8.92875e+01  -8.59019e+01  -8.44695e+01  -8.26868e+01  -8.10767e+01  -7.94443e+01  -7.74839e+01  -7.70754e+01  -7.91211e+01  -8.01498e+01  -8.06806e+01  -8.11318e+01  -8.16406e+01  -8.22752e+01  -8.30889e+01  -8.41354e+01  -8.54415e+01  -8.69127e+01  -8.87819e+01  -9.40263e+01  -1.01919e+02  -1.12732e+02  -1.29146e+02  -1.54133e+02  -1.68377e+02  -8.89925e+01
   4.00000e-03  -7.06442e+01  -1.12397e+02  -1.16515e+02  -1.05188e+02  -9.45401e+01  -8.64926e+01  -8.04640e+01  -7.64025e+01  -7.42505e+01  -7.27983e+01  -7.16266e+01  -7.06920e+01  -6.99561e+01  -6.93717e+01  -6.88897e+01  -6.84485e+01  -6.79376e+01  -6.71497e+01  -6.61472e+01  -6.62461e+01  -6.73589e+01  -6.85961e+01  -6.99082e+01  -7.13956e+01  -7.31548e+01  -7.68989e+01  -8.58788e+01  -1.02237e+02  -1.29431e+02  -1.60845e+02  -1.70067e+02  -1.60821e+02  -1.29397e+02  -1.02215e+02  -8.58639e+01  -7.68893e+01  -7.31467e+01  -7.13877e+01  -6.99006e+01  -6.85889e+01  -6.73507e+01  -6.62378e+01  -6.61399e+01  -6.71407e+01  -6.79288e+01  -6.84401e+01  -6.88828e+01  -6.93658e+01  -6.99510e+01  -7.06890e+01  -7.16249e+01  -7.27981e+01  -7.42537e+01  -7.64091e+01  -8.04730e+01  -8.65050e+01  -9.45572e+01  -1.05208e+02  -1.16537e+02  -1.12420e+02  -7.06695e+01
   3.50000e-03  -5.59236e+01  -8.09379e+01  -8.87631e+01  -8.49543e+01  -7.87523e+01  -7.31694e+01  -6.87178e+01  -6.55474e+01  -6.35584e+01  -6.22006e+01  -6.11576e+01  -6.03333e+01  -5.96800e+01  -5.91543e+01  -5.87141e+01  -5.83076e+01  -5.78631e+01  -5.72982e+01  -5.67444e+01  -5.67604e+01  -5.74044e+01  -5.82959e+01  -5.93303e+01  -6.05800e+01  -6.23206e+01  -6.57197e+01  -7.26829e+01  -8.46874e+01  -1.02252e+02  -1.19632e+02  -1.25797e+02  -1.19635e+02  -1.02257e+02  -8.46963e+01  -7.26941e+01  -6.57322e+01  -6.23334e+01  -6.05921e+01  -5.93433e+01  -5.83087e+01  -5.74168e+01  -5.67731e+01  -5.67567e+01  -5.73096e+01  -5.78747e+01  -5.83199e+01  -5.87262e+01  -5.91674e+01  -5.96927e+01  -6.03465e+01  -6.11709e+01  -6.22151e+01  -6.35728e+01  -6.55639e+01  -6.87347e+01  -7.31869e+01  -7.87716e+01  -8.49750e+01  -8.87832e+01  -8.09568e+01  -5.59396e+01
   3.00000e-03  -4.41837e+01  -6.03692e+01  -6.78946e+01  -6.76870e+01  -6.44834e+01  -6.08543e+01  -5.76844e+01  -5.52649e+01  -5.35854e+01  -5.23943e+01  -5.14890e+01  -5.07779e+01  -5.02130e+01  -4.97540e+01  -4.93665e+01  -4.90125e+01  -4.86469e+01  -4.82446e+01  -4.79074e+01  -4.78948e+01  -4.82765e+01  -4.89007e+01  -4.96929e+01  -5.07172e+01  -5.22505e+01  -5.50763e+01  -6.03462e+01  -6.88876e+01  -8.02710e+01  -9.06643e+01  -9.46147e+01  -9.06724e+01  -8.02846e+01  -6.89046e+01  -6.03645e+01  -5.50955e+01  -5.22704e+01  -5.07367e+01  -4.97130e+01  -4.89204e+01  -4.82964e+01  -4.79146e+01  -4.79265e+01  -4.82639e+01  -4.86662e+01  -4.90316e+01  -4.93863e+01  -4.97738e+01  -5.02321e+01  -5.07982e+01  -5.15088e+01  -5.24139e+01  -5.36060e+01  -5.52859e+01  -5.77053e+01  -6.08766e+01  -6.45055e+01  -6.77093e+01  -6.79157e+01  -6.03880e+01  -4.41981e+01
   2.50000e-03  -3.45138e+01  -4.54351e+01  -5.16652e+01  -5.29307e+01  -5.15499e+01  -4.93387e+01  -4.71642e+01  -4.53764e+01  -4.40389e+01  -4.30483e+01  -4.22918e+01  -4.16978e+01  -4.12232e+01  -4.08370e+01  -4.05095e+01  -4.02144e+01  -3.99253e+01  -3.96369e+01  -3.94157e+01  -3.93921e+01  -3.96213e+01  -4.00481e+01  -4.06369e+01  -4.14439e+01  -4.26960e+01  -4.49115e+01  -4.87917e+01  -5.47522e+01  -6.22028e+01  -6.87186e+01  -7.12591e+01  -6.87263e+01  -6.22168e+01  -5.47701e+01  -4.88118e+01  -4.49322e+01  -4.27170e+01  -4.14653e+01  -4.06592e+01  -4.00698e+01  -3.96428e+01  -3.94139e+01  -3.94375e+01  -3.96585e+01  -3.99466e+01  -4.02360e+01  -4.05312e+01  -4.08588e+01  -4.12451e+01  -4.17194e+01  -4.23139e+01  -4.30702e+01  -4.40607e+01  -4.53991e+01  -4.71869e+01  -4.93613e+01  -5.15725e+01  -5.29530e+01  -5.16863e+01  -4.54536e+01  -3.45283e+01
   2.00000e-03  -2.62593e+01  -3.37229e+01  -3.85218e+01  -4.01758e+01  -3.97892e+01  -3.85314e+01  -3.71020e+01  -3.58318e+01  -3.48205e+01  -3.40422e+01  -3.34389e+01  -3.29635e+01  -3.25831e+01  -3.22715e+01  -3.20080e+01  -3.17736e+01  -3.15528e+01  -3.13476e+01  -3.11958e+01  -3.11691e+01  -3.13052e+01  -3.15901e+01  -3.20120e+01  -3.26184e+01  -3.35773e+01  -3.52279e+01  -3.79953e+01  -4.20724e+01  -4.69607e+01  -5.11314e+01  -5.27723e+01  -5.11385e+01  -4.69742e+01  -4.20905e+01  -3.80139e+01  -3.52485e+01  -3.35985e+01  -3.26405e+01  -3.20341e+01  -3.16126e+01  -3.13273e+01  -3.11914e+01  -3.12183e+01  -3.13693e+01  -3.15749e+01  -3.17956e+01  -3.20300e+01  -3.22936e+01  -3.26050e+01  -3.29860e+01  -3.34613e+01  -3.40645e+01  -3.48425e+01  -3.58542e+01  -3.71253e+01  -3.85540e+01  -3.98121e+01  -4.01973e+01  -3.85423e+01  -3.37408e+01  -2.62736e+01
   1.50000e-03  -1.89690e+01  -2.39623e+01  -2.74167e+01  -2.89223e+01  -2.89928e+01  -2.83321e+01  -2.74407e+01  -2.65855e+01  -2.58687e+01  -2.52985e+01  -2.48494e+01  -2.44936e+01  -2.42074e+01  -2.39732e+01  -2.37754e+01  -2.36014e+01  -2.34422e+01  -2.32997e+01  -2.31968e+01  -2.31715e+01  -2.32500e+01  -2.34328e+01  -2.37191e+01  -2.41474e+01  -2.48309e+01  -2.59869e+01  -2.78676e+01  -3.05602e+01  -3.37021e+01  -3.63458e+01  -3.73889e+01  -3.63524e+01  -3.37142e+01  -3.05763e+01  -2.78862e+01  -2.60070e+01  -2.48522e+01  -2.41687e+01  -2.37419e+01  -2.34554e+01  -2.32725e+01  -2.31938e+01  -2.32189e+01  -2.33218e+01  -2.34641e+01  -2.36232e+01  -2.37977e+01  -2.39956e+01  -2.42297e+01  -2.45160e+01  -2.48722e+01  -2.53210e+01  -2.58914e+01  -2.66083e+01  -2.74632e+01  -2.83544e+01  -2.90146e+01  -2.89434e+01  -2.74364e+01  -2.39794e+01  -1.89833e+01
   1.00000e-03  -1.23194e+01  -1.53993e+01  -1.76264e+01  -1.87254e+01  -1.89227e+01  -1.86104e+01  -1.81020e+01  -1.75797e+01  -1.71237e+01  -1.67516e+01  -1.64550e+01  -1.62182e+01  -1.60278e+01  -1.58712e+01  -1.57392e+01  -1.56241e+01  -1.55204e+01  -1.54308e+01  -1.53659e+01  -1.53469e+01  -1.53893e+01  -1.54967e+01  -1.56730e+01  -1.59440e+01  -1.63791e+01  -1.71083e+01  -1.82710e+01  -1.99054e+01  -2.17830e+01  -2.33498e+01  -2.39686e+01  -2.33562e+01  -2.17949e+01  -1.99204e+01  -1.82894e+01  -1.71281e+01  -1.64002e+01  -1.59650e+01  -1.56953e+01  -1.55186e+01  -1.54109e+01  -1.53687e+01  -1.53883e+01  -1.54526e+01  -1.55430e+01  -1.56463e+01  -1.57614e+01  -1.58935e+01  -1.60499e+01  -1.62406e+01  -1.64771e+01  -1.67746e+01  -1.71463e+01  -1.76023e+01  -1.81243e+01  -1.86326e+01  -1.89447e+01  -1.87462e+01  -1.76457e+01  -1.54161e+01  -1.23337e+01
   5.00000e-04  -6.06264e+00  -7.53422e+00  -8.62399e+00  -9.19608e+00  -9.33579e+00  -9.21632e+00  -8.98775e+00  -8.74128e+00  -8.52017e+00  -8.33701e+00  -8.18956e+00  -8.07160e+00  -7.97623e+00  -7.89836e+00  -7.83198e+00  -7.77484e+00  -7.72373e+00  -7.68021e+00  -7.64899e+00  -7.63847e+00  -7.65664e+00  -7.70653e+00  -7.79013e+00  -7.92099e+00  -8.13235e+00  -8.48374e+00  -9.03891e+00  -9.81076e+00  -1.06915e+01  -1.14227e+01  -1.17127e+01  -1.14289e+01  -1.07021e+01  -9.82637e+00  -9.05670e+00  -8.50342e+00  -8.15283e+00  -7.94253e+00  -7.81201e+00  -7.72801e+00  -7.67836e+00  -7.66048e+00  -7.67117e+00  -7.70192e+00  -7.74623e+00  -7.79666e+00  -7.85395e+00  -7.91995e+00  -7.99830e+00  -8.09402e+00  -8.21184e+00  -8.35938e+00  -8.54268e+00  -8.76365e+00  -9.00990e+00  -9.23858e+00  -9.35747e+00  -9.21671e+00  -8.64286e+00  -7.55061e+00  -6.07678e+00
   0.00000e+00   7.12701e-03   8.18577e-03   9.27418e-03   1.02100e-02   1.08135e-02   1.08533e-02   1.09324e-02   1.11792e-02   1.07622e-02   1.10095e-02   1.08982e-02   1.13690e-02   1.09193e-02   1.10220e-02   1.12276e-02   1.09560e-02   1.07416e-02   1.10429e-02   1.08870e-02   1.09275e-02   1.15061e-02   1.12065e-02   1.07165e-02   1.09933e-02   1.03532e-02   9.77367e-03   8.95584e-03   7.74875e-03   5.44215e-03   3.09950e-03   0.00000e+00  -3.09950e-03  -5.44213e-03  -7.74875e-03  -8.95583e-03  -9.77367e-03  -1.05049e-02  -1.09933e-02  -1.08691e-02  -1.10535e-02  -1.13932e-02  -1.09275e-02  -1.08587e-02  -1.10208e-02  -1.07433e-02  -1.09522e-02  -1.12305e-02  -1.10256e-02  -1.09213e-02  -1.13687e-02  -1.08981e-02  -1.11816e-02  -1.10988e-02  -1.11795e-02  -1.09411e-02  -1.08641e-02  -1.08241e-02  -1.02223e-02  -9.34311e-03  -8.22321e-03  -7.17923e-03
  -5.00000e-04   6.07684e+00   7.55065e+00   8.64273e+00   9.21671e+00   9.35747e+00   9.23858e+00   9.00990e+00   8.76365e+00   8.54268e+00   8.35938e+00   8.21184e+00   8.09402e+00   7.99814e+00   7.91995e+00   7.85394e+00   7.79666e+00   7.74622e+00   7.70209e+00   7.67112e+00   7.66050e+00   7.67853e+00   7.72818e+00   7.81196e+00   7.94253e+00   8.15283e+00   8.50324e+00   9.05670e+00   9.82637e+00   1.07021e+01   1.14289e+01   1.17127e+01   1.14227e+01   1.06915e+01   9.81082e+00   9.03891e+00   8.48374e+00   8.13273e+00   7.92094e+00   7.79013e+00   7.70653e+00   7.65665e+00   7.63847e+00   7.64895e+00   7.68021e+00   7.72375e+00   7.77483e+00   7.83197e+00   7.89836e+00   7.97623e+00   8.07160e+00   8.18956e+00   8.33701e+00   8.52017e+00   8.74127e+00   8.98776e+00   9.21632e+00   9.33580e+00   9.19611e+00   8.62387e+00   7.53420e+00   6.06262e+00
  -1.00000e-03   1.23336e+01   1.54161e+01   1.76457e+01   1.87462e+01   1.89447e+01   1.86326e+01   1.81243e+01   1.76023e+01   1.71462e+01   1.67744e+01   1.64771e+01   1.62406e+01   1.60499e+01   1.58935e+01   1.57614e+01   1.56465e+01   1.55430e+01   1.54526e+01   1.53882e+01   1.53687e+01   1.54110e+01   1.55186e+01   1.56953e+01   1.59650e+01   1.64002e+01   1.71281e+01   1.82894e+01   1.99204e+01   2.17949e+01   2.33562e+01   2.39686e+01   2.33496e+01   2.17830e+01   1.99054e+01   1.82712e+01   1.71083e+01   1.63791e+01   1.59440e+01   1.56730e+01   1.54967e+01   1.53892e+01   1.53469e+01   1.53659e+01   1.54308e+01   1.55206e+01   1.56241e+01   1.57392e+01   1.58712e+01   1.60278e+01   1.62182e+01   1.64550e+01   1.67516e+01   1.71237e+01   1.75797e+01   1.81020e+01   1.86104e+01   1.89227e+01   1.87253e+01   1.76264e+01   1.53993e+01   1.23194e+01
  -1.50000e-03   1.89833e+01   2.39794e+01   2.74363e+01   2.89434e+01   2.90146e+01   2.83544e+01   2.74633e+01   2.66083e+01   2.58914e+01   2.53210e+01   2.48722e+01   2.45160e+01   2.42297e+01   2.39956e+01   2.37979e+01   2.36232e+01   2.34641e+01   2.33218e+01   2.32188e+01   2.31938e+01   2.32724e+01   2.34554e+01   2.37419e+01   2.41690e+01   2.48522e+01   2.60070e+01   2.78862e+01   3.05763e+01   3.37142e+01   3.63524e+01   3.73889e+01   3.63458e+01   3.37021e+01   3.05602e+01   2.78676e+01   2.59869e+01   2.48309e+01   2.41474e+01   2.37194e+01   2.34328e+01   2.32501e+01   2.31716e+01   2.31968e+01   2.32997e+01   2.34422e+01   2.36008e+01   2.37755e+01   2.39732e+01   2.42074e+01   2.44936e+01   2.48497e+01   2.52985e+01   2.58687e+01   2.65856e+01   2.74407e+01   2.83321e+01   2.89928e+01   2.89223e+01   2.74166e+01   2.39623e+01   1.89690e+01
  -2.00000e-03   2.62735e+01   3.37409e+01   3.85423e+01   4.01973e+01   3.98120e+01   3.85540e+01   3.71252e+01   3.58541e+01   3.48425e+01   3.40646e+01   3.34613e+01   3.29860e+01   3.26050e+01   3.22936e+01   3.20302e+01   3.17956e+01   3.15749e+01   3.13693e+01   3.12183e+01   3.11914e+01   3.13273e+01   3.16127e+01   3.20339e+01   3.26404e+01   3.35985e+01   3.52485e+01   3.80142e+01   4.20905e+01   4.69742e+01   5.11385e+01   5.27723e+01   5.11314e+01   4.69607e+01   4.20724e+01   3.79953e+01   3.52277e+01   3.35773e+01   3.26187e+01   3.20120e+01   3.15900e+01   3.13052e+01   3.11689e+01   3.11960e+01   3.13476e+01   3.15531e+01   3.17736e+01   3.20080e+01   3.22715e+01   3.25831e+01   3.29635e+01   3.34389e+01   3.40422e+01   3.48205e+01   3.58316e+01   3.71020e+01   3.85314e+01   3.97892e+01   4.01758e+01   3.85218e+01   3.37228e+01   2.62593e+01
  -2.50000e-03   3.45282e+01   4.54535e+01   5.16862e+01   5.29530e+01   5.15725e+01   4.93613e+01   4.71872e+01   4.53991e+01   4.40607e+01   4.30704e+01   4.23140e+01   4.17194e+01   4.12451e+01   4.08587e+01   4.05312e+01   4.02360e+01   3.99466e+01   3.96585e+01   3.94375e+01   3.94139e+01   3.96428e+01   4.00698e+01   4.06592e+01   4.14653e+01   4.27170e+01   4.49322e+01   4.88118e+01   5.47701e+01   6.22172e+01   6.87263e+01   7.12591e+01   6.87188e+01   6.22028e+01   5.47524e+01   4.87917e+01   4.49114e+01   4.26960e+01   4.14437e+01   4.06369e+01   4.00478e+01   3.96212e+01   3.93922e+01   3.94162e+01   3.96369e+01   3.99253e+01   4.02144e+01   4.05095e+01   4.08370e+01   4.12232e+01   4.16978e+01   4.22918e+01   4.30485e+01   4.40389e+01   4.53765e+01   4.71642e+01   4.93386e+01   5.15497e+01   5.29306e+01   5.16652e+01   4.54351e+01   3.45137e+01
  -3.00000e-03   4.41981e+01   6.03881e+01   6.79156e+01   6.77094e+01   6.45055e+01   6.08766e+01   5.77051e+01   5.52859e+01   5.36060e+01   5.24139e+01   5.15088e+01   5.07981e+01   5.02321e+01   4.97738e+01   4.93858e+01   4.90316e+01   4.86662e+01   4.82635e+01   4.79265e+01   4.79146e+01   4.82964e+01   4.89203e+01   4.97130e+01   5.07367e+01   5.22702e+01   5.50955e+01   6.03645e+01   6.89046e+01   8.02844e+01   9.06726e+01   9.46147e+01   9.06643e+01   8.02710e+01   6.88876e+01   6.03463e+01   5.50763e+01   5.22504e+01   5.07168e+01   4.96929e+01   4.89007e+01   4.82768e+01   4.78951e+01   4.79074e+01   4.82444e+01   4.86469e+01   4.90125e+01   4.93665e+01   4.97540e+01   5.02128e+01   5.07779e+01   5.14890e+01   5.23943e+01   5.35853e+01   5.52649e+01   5.76844e+01   6.08543e+01   6.44835e+01   6.76870e+01   6.78946e+01   6.03692e+01   4.41837e+01
  -3.50000e-03   5.59396e+01   8.09568e+01   8.87832e+01   8.49750e+01   7.87716e+01   7.31869e+01   6.87347e+01   6.55634e+01   6.35728e+01   6.22154e+01   6.11709e+01   6.03465e+01   5.96927e+01   5.91674e+01   5.87262e+01   5.83197e+01   5.78747e+01   5.73095e+01   5.67569e+01   5.67731e+01   5.74168e+01   5.83087e+01   5.93430e+01   6.05921e+01   6.23334e+01   6.57322e+01   7.26941e+01   8.46963e+01   1.02257e+02   1.19635e+02   1.25797e+02   1.19632e+02   1.02253e+02   8.46874e+01   7.26830e+01   6.57200e+01   6.23205e+01   6.05800e+01   5.93303e+01   5.82959e+01   5.74040e+01   5.67604e+01   5.67444e+01   5.72979e+01   5.78631e+01   5.83077e+01   5.87142e+01   5.91543e+01   5.96800e+01   6.03333e+01   6.11576e+01   6.22007e+01   6.35584e+01   6.55472e+01   6.87178e+01   7.31694e+01   7.87523e+01   8.49543e+01   8.87631e+01   8.09379e+01   5.59235e+01
  -4.00000e-03   7.06696e+01   1.12420e+02   1.16537e+02   1.05209e+02   9.45572e+01   8.65051e+01   8.04730e+01   7.64089e+01   7.42536e+01   7.27985e+01   7.16249e+01   7.06888e+01   6.99510e+01   6.93657e+01   6.88828e+01   6.84401e+01   6.79288e+01   6.71407e+01   6.61399e+01   6.62378e+01   6.73508e+01   6.85889e+01   6.99006e+01   7.13876e+01   7.31467e+01   7.68893e+01   8.58639e+01   1.02215e+02   1.29397e+02   1.60821e+02   1.70067e+02   1.60845e+02   1.29431e+02   1.02237e+02   8.58788e+01   7.68989e+01   7.31549e+01   7.13954e+01   6.99081e+01   6.85958e+01   6.73586e+01   6.62464e+01   6.61472e+01   6.71495e+01   6.79379e+01   6.84482e+01   6.88897e+01   6.93717e+01   6.99561e+01   7.06920e+01   7.16266e+01   7.27983e+01   7.42505e+01   7.64027e+01   8.04640e+01   8.64926e+01   9.45404e+01   1.05188e+02   1.16515e+02   1.12397e+02   7.06441e+01
  -4.50000e-03   8.89925e+01   1.68377e+02   1.54133e+02   1.29146e+02   1.12732e+02   1.01919e+02   9.40263e+01   8.87821e+01   8.69127e+01   8.54414e+01   8.41354e+01   8.30889e+01   8.22749e+01   8.16409e+01   8.11316e+01   8.06806e+01   8.01498e+01   7.91211e+01   7.70754e+01   7.74840e+01   7.94443e+01   8.10767e+01   8.26870e+01   8.44695e+01   8.59020e+01   8.92874e+01   1.00743e+02   1.21812e+02   1.62729e+02   2.26624e+02   2.36541e+02   2.26697e+02   1.62870e+02   1.21900e+02   1.00802e+02   8.93276e+01   8.59321e+01   8.45016e+01   8.27154e+01   8.11054e+01   7.94769e+01   7.75171e+01   7.71038e+01   7.91583e+01   8.01846e+01   8.07107e+01   8.11577e+01   8.16625e+01   8.22904e+01   8.30981e+01   8.41379e+01   8.54356e+01   8.68970e+01   8.87506e+01   9.39858e+01   1.01863e+02   1.12658e+02   1.29058e+02   1.54042e+02   1.68286e+02   8.89021e+01
  -5.00000e-03   1.03606e+02   2.90937e+02   2.06230e+02   1.61668e+02   1.39173e+02   1.25767e+02   1.15922e+02   1.08356e+02   1.08211e+02   1.06688e+02   1.05226e+02   1.04077e+02   1.03202e+02   1.02537e+02   1.02024e+02   1.01601e+02   1.01143e+02   1.00083e+02   9.52657e+01   9.71412e+01   1.00430e+02   1.02395e+02   1.04296e+02   1.06539e+02   1.07443e+02   1.08367e+02   1.23534e+02   1.48204e+02   2.03758e+02   3.52727e+02   3.29090e+02   3.52282e+02   2.03550e+02   1.47767e+02   1.22993e+02   1.07773e+02   1.06816e+02   1.05905e+02   1.03645e+02   1.01748e+02   9.98007e+01   9.65386e+01   9.46375e+01   9.95008e+01   1.00534e+02   1.00967e+02   1.01369e+02   1.01858e+02   1.02498e+02   1.03345e+02   1.04460e+02   1.05884e+02   1.07366e+02   1.07429e+02   1.14957e+02   1.24710e+02   1.38023e+02   1.60439e+02   2.04975e+02   2.89806e+02   1.03089e+02
  -5.50000e-03   2.77048e+01   5.99666e+02   3.27831e+02   2.66725e+02   2.39457e+02   2.23964e+02   2.12943e+02   1.97353e+02   2.04039e+02   2.02162e+02   2.00586e+02   1.99411e+02   1.98545e+02   1.97906e+02   1.97432e+02   1.97066e+02   1.96743e+02   1.96210e+02   1.84146e+02   1.92536e+02   1.96690e+02   1.98859e+02   2.01008e+02   2.03828e+02   2.07138e+02   2.00179e+02   2.20490e+02   2.45171e+02   3.04077e+02   6.10956e+02   2.62237e+02   5.73001e+02   2.64906e+02   2.04574e+02   1.79283e+02   1.59164e+02   1.66206e+02   1.62300e+02   1.59304e+02   1.57200e+02   1.55256e+02   1.51605e+02   1.43758e+02   1.55543e+02   1.55744e+02   1.55857e+02   1.56057e+02   1.56376e+02   1.56849e+02   1.57533e+02   1.58506e+02   1.59867e+02   1.61559e+02   1.54625e+02   1.69463e+02   1.79546e+02   1.94187e+02   2.20695e+02   2.81353e+02   5.54115e+02   2.51351e+01
  -6.00000e-03  -1.78647e+02   1.06307e+02  -1.47397e+01  -6.52174e+01  -8.88895e+01  -1.01679e+02  -1.08502e+02  -1.02563e+02  -1.16347e+02  -1.19698e+02  -1.21829e+02  -1.23361e+02  -1.24483e+02  -1.25284e+02  -1.25796e+02  -1.25995e+02  -1.25732e+02  -1.24244e+02  -1.09165e+02  -1.27608e+02  -1.27242e+02  -1.26013e+02  -1.23887e+02  -1.19906e+02  -1.08170e+02  -1.17912e+02  -1.06169e+02  -8.66107e+01  -4.99149e+01  -1.65972e+01  -3.31569e+02   1.29100e+02   7.91736e+01   3.89142e+01   1.81177e+01   5.93030e+00   1.49132e+01   2.84032e+00  -1.18678e+00  -3.38367e+00  -4.73918e+00  -5.25870e+00   1.42588e+01  -2.43863e+00  -3.95288e+00  -4.30349e+00  -4.25069e+00  -3.93940e+00  -3.38319e+00  -2.54353e+00  -1.32354e+00   4.81291e-01   3.48426e+00   1.81561e+01   1.17426e+01   1.91146e+01   3.30751e+01   5.91653e+01   1.15367e+02   2.57189e+02  -1.79935e+02
  -6.50000e-03  -1.36544e+02   2.44984e+01   6.25195e+01   3.38576e+01   1.52123e+01   4.35690e+00  -1.13706e+00  -2.81978e+00  -9.04814e+00  -1.22354e+01  -1.41648e+01  -1.55000e+01  -1.64557e+01  -1.71215e+01  -1.75319e+01  -1.76552e+01  -1.73262e+01  -1.58389e+01  -1.22398e+01  -1.72074e+01  -1.79953e+01  -1.70295e+01  -1.51342e+01  -1.17101e+01  -5.19909e+00  -6.45146e+00  -2.57000e+00   6.42530e+00   8.75293e+00  -1.16559e+02  -3.34993e+02  -1.07929e+02   1.86275e+01   1.40589e+01   3.85767e+00  -4.93332e-01   3.93720e-01  -6.63545e+00  -1.02766e+01  -1.22870e+01  -1.32979e+01  -1.23806e+01  -7.08255e+00  -1.11539e+01  -1.27507e+01  -1.31003e+01  -1.29664e+01  -1.25250e+01  -1.18057e+01  -1.07649e+01  -9.30122e+00  -7.17461e+00  -3.63985e+00   3.35299e+00   5.32775e+00   1.16242e+01   2.40343e+01   4.54457e+01   7.90902e+01   4.47684e+01  -1.36066e+02
  -7.00000e-03  -8.79197e+01   3.22843e+00   4.56926e+01   3.43516e+01   2.19525e+01   1.38930e+01   9.48390e+00   6.64394e+00   2.74590e+00  -4.04608e-02  -1.83199e+00  -3.06865e+00  -3.94530e+00  -4.54575e+00  -4.89390e+00  -4.95607e+00  -4.58625e+00  -3.43625e+00  -2.19458e+00  -3.99382e+00  -4.83314e+00  -4.21250e+00  -2.65268e+00   2.64803e-02   3.53873e+00   4.21407e+00   5.04706e+00   5.26489e+00  -1.28225e+01  -1.20356e+02  -2.27587e+02  -1.23476e+02  -1.19539e+01   5.64711e+00   4.72783e+00   3.48463e+00   2.49674e+00  -1.35112e+00  -4.23012e+00  -5.90241e+00  -6.56291e+00  -5.64253e+00  -3.75656e+00  -5.15955e+00  -6.39072e+00  -6.77192e+00  -6.68562e+00  -6.28415e+00  -5.60241e+00  -4.61050e+00  -3.20922e+00  -1.18204e+00   1.97473e+00   6.41308e+00   9.72624e+00   1.49197e+01   2.43550e+01   3.90139e+01   5.35059e+01   1.10945e+01  -8.74820e+01
  -7.50000e-03  -6.24388e+01   4.29118e-01   2.60054e+01   2.40276e+01   1.77502e+01   1.28969e+01   9.84121e+00   7.37463e+00   4.69730e+00   2.47991e+00   9.17007e-01  -1.87744e-01  -9.75467e-01  -1.50723e+00  -1.80203e+00  -1.82892e+00  -1.49424e+00  -7.22858e-01  -1.89745e-01  -9.29919e-01  -1.49084e+00  -1.10184e+00   6.87317e-02   1.93516e+00   3.82515e+00   4.23935e+00   2.81674e+00  -3.03671e+00  -2.84925e+01  -1.05859e+02  -1.61039e+02  -1.10831e+02  -3.02822e+01  -4.39528e+00   1.19236e+00   2.34110e+00   1.69384e+00  -4.36940e-01  -2.47183e+00  -3.74123e+00  -4.16869e+00  -3.56559e+00  -2.79877e+00  -3.40433e+00  -4.23026e+00  -4.57390e+00  -4.52380e+00  -4.17503e+00  -3.56213e+00  -2.65989e+00  -1.39497e+00   3.89765e-01   2.92995e+00   6.02403e+00   8.92359e+00   1.26373e+01   1.85526e+01   2.64641e+01   3.03948e+01   5.11040e+00  -6.20921e+01
# Longitudinally Integrated Squared Transverse Magnetic Field [T2m]
START
                -3.00000e-02  -2.90000e-02  -2.80000e-02  -2.70000e-02  -2.60000e-02  -2.50000e-02  -2.40000e-02  -2.30000e-02  -2.20000e-02  -2.10000e-02  -2.00000e-02  -1.90000e-02  -1.80000e-02  -1.70000e-02  -1.60000e-02  -1.50000e-02  -1.40000e-02  -1.30000e-02  -1.20000e-02  -1.10000e-02  -1.00000e-02  -9.00000e-03  -8.00000e-03  -7.00000e-03  -6.00000e-03  -5.00000e-03  -4.00000e-03  -3.00000e-03  -2.00000e-03  -1.00000e-03   0.00000e+00   1.00000e-03   2.00000e-03   3.00000e-03   4.00000e-03   5.00000e-03   6.00000e-03   7.00000e-03   8.00000e-03   9.00000e-03   1.00000e-02   1.10000e-02   1.20000e-02   1.30000e-02   1.40000e-02   1.50000e-02   1.60000e-02   1.70000e-02   1.80000e-02   1.90000e-02   2.00000e-02   2.10000e-02   2.20000e-02   2.30000e-02   2.40000e-02   2.50000e-02   2.60000e-02   2.70000e-02   2.80000e-02   2.90000e-02   3.00000e-02
   7.50000e-03   3.69040e-01   1.88273e+00   1.56583e+00   1.38000e+00   1.27232e+00   1.20765e+00   1.16759e+00   1.14037e+00   1.12763e+00   1.12198e+00   1.12066e+00   1.12241e+00   1.12660e+00   1.13294e+00   1.14135e+00   1.15192e+00   1.16501e+00   1.18144e+00   1.20304e+00   1.23396e+00   1.27059e+00   1.31383e+00   1.36559e+00   1.42924e+00   1.51029e+00   1.62259e+00   1.76757e+00   1.96364e+00   2.24174e+00   2.64431e+00   1.44231e+00   2.34580e+00   1.95014e+00   1.67876e+00   1.48689e+00   1.34483e+00   1.24201e+00   1.16205e+00   1.09925e+00   1.04831e+00   1.00590e+00   9.70081e-01   9.42568e-01   9.21385e-01   9.05143e-01   8.92334e-01   8.82133e-01   8.74194e-01   8.68404e-01   8.64598e-01   8.63893e-01   8.66297e-01   8.72606e-01   8.85679e-01   9.10213e-01   9.49189e-01   1.01165e+00   1.11511e+00   1.29317e+00   1.60013e+00   3.73066e-01
   7.00000e-03   4.27534e-01   1.86294e+00   1.51993e+00   1.34340e+00   1.24627e+00   1.18864e+00   1.15265e+00   1.12819e+00   1.11854e+00   1.11526e+00   1.11553e+00   1.11839e+00   1.12337e+00   1.13024e+00   1.13895e+00   1.14958e+00   1.16236e+00   1.17795e+00   1.19878e+00   1.23066e+00   1.26785e+00   1.31059e+00   1.36106e+00   1.42259e+00   1.50106e+00   1.61231e+00   1.75664e+00   1.95377e+00   2.24883e+00   2.72912e+00   1.59944e+00   2.42363e+00   1.95209e+00   1.66323e+00   1.46967e+00   1.32784e+00   1.22581e+00   1.14817e+00   1.08733e+00   1.03758e+00   9.95621e-01   9.59264e-01   9.30811e-01   9.10299e-01   8.94835e-01   8.82321e-01   8.72088e-01   8.63888e-01   8.57631e-01   8.53123e-01   8.51060e-01   8.52426e-01   8.56658e-01   8.67039e-01   8.89209e-01   9.24753e-01   9.81296e-01   1.07603e+00   1.24740e+00   1.58189e+00   4.31790e-01
   6.50000e-03   5.15288e-01   1.82921e+00   1.45403e+00   1.29961e+00   1.21887e+00   1.17105e+00   1.14027e+00   1.11838e+00   1.11328e+00   1.11281e+00   1.11484e+00   1.11890e+00   1.12473e+00   1.13219e+00   1.14125e+00   1.15197e+00   1.16444e+00   1.17885e+00   1.19767e+00   1.23211e+00   1.27003e+00   1.31202e+00   1.36090e+00   1.41962e+00   1.49360e+00   1.60415e+00   1.74554e+00   1.93692e+00   2.23586e+00   2.81460e+00   1.82563e+00   2.50616e+00   1.93702e+00   1.64265e+00   1.45382e+00   1.31443e+00   1.21279e+00   1.13927e+00   1.08106e+00   1.03281e+00   9.91550e-01   9.54519e-01   9.23628e-01   9.04861e-01   8.90490e-01   8.78274e-01   8.67969e-01   8.59458e-01   8.52676e-01   8.47454e-01   8.44246e-01   8.44010e-01   8.45722e-01   8.52079e-01   8.71981e-01   9.03006e-01   9.50985e-01   1.03150e+00   1.18432e+00   1.55333e+00   5.19811e-01
   6.00000e-03   6.49453e-01   1.71307e+00   1.36816e+00   1.25443e+00   1.19505e+00   1.15906e+00   1.13437e+00   1.11184e+00   1.11488e+00   1.11730e+00   1.12106e+00   1.12632e+00   1.13298e+00   1.14101e+00   1.15041e+00   1.16122e+00   1.17341e+00   1.18650e+00   1.19835e+00   1.24116e+00   1.27930e+00   1.32024e+00   1.36727e+00   1.42265e+00   1.48853e+00   1.60204e+00   1.73647e+00   1.91351e+00   2.19098e+00   2.82100e+00   2.11968e+00   2.54654e+00   1.91985e+00   1.64410e+00   1.46843e+00   1.33560e+00   1.23060e+00   1.16473e+00   1.10972e+00   1.06323e+00   1.02299e+00   9.85785e-01   9.47057e-01   9.34441e-01   9.21322e-01   9.09350e-01   8.98916e-01   8.90029e-01   8.82645e-01   8.76686e-01   8.72136e-01   8.70133e-01   8.69064e-01   8.67978e-01   8.88321e-01   9.13723e-01   9.50910e-01   1.01203e+00   1.12829e+00   1.47538e+00   6.53678e-01
   5.50000e-03   7.21438e-01   1.25941e+00   1.14637e+00   1.08825e+00   1.05412e+00   1.03224e+00   1.01648e+00   1.00488e+00   1.01088e+00   1.01441e+00   1.01866e+00   1.02400e+00   1.03048e+00   1.03812e+00   1.04697e+00   1.05706e+00   1.06830e+00   1.07992e+00   1.08575e+00   1.11059e+00   1.14227e+00   1.17678e+00   1.21647e+00   1.26277e+00   1.31436e+00   1.37470e+00   1.47772e+00   1.61401e+00   1.81804e+00   2.19954e+00   2.13283e+00   2.20688e+00   1.82619e+00   1.62338e+00   1.48771e+00   1.38495e+00   1.32473e+00   1.27334e+00   1.22716e+00   1.18750e+00   1.15294e+00   1.12114e+00   1.09630e+00   1.09043e+00   1.07891e+00   1.06775e+00   1.05773e+00   1.04895e+00   1.04137e+00   1.03497e+00   1.02971e+00   1.02555e+00   1.02210e+00   1.01626e+00   1.02802e+00   1.04404e+00   1.06611e+00   1.10031e+00   1.15823e+00   1.27023e+00   7.23029e-01
   5.00000e-03   6.48787e-01   9.08129e-01   9.36452e-01   9.22061e-01   9.07967e-01   8.97485e-01   8.89910e-01   8.86684e-01   8.90620e-01   8.95443e-01   9.00848e-01   9.07063e-01   9.14188e-01   9.22304e-01   9.31500e-01   9.41854e-01   9.53345e-01   9.65566e-01   9.77970e-01   9.99277e-01   1.02800e+00   1.06092e+00   1.09901e+00   1.14324e+00   1.19355e+00   1.25592e+00   1.34454e+00   1.46029e+00   1.61550e+00   1.80627e+00   1.84065e+00   1.80623e+00   1.61539e+00   1.46039e+00   1.34477e+00   1.25622e+00   1.19389e+00   1.14359e+00   1.09938e+00   1.06130e+00   1.02837e+00   9.99642e-01   9.78346e-01   9.65920e-01   9.53710e-01   9.42231e-01   9.31888e-01   9.22704e-01   9.14602e-01   9.07492e-01   9.01293e-01   8.95906e-01   8.91104e-01   8.87205e-01   8.90448e-01   8.98058e-01   9.08573e-01   9.22684e-01   9.37050e-01   9.08655e-01   6.49136e-01
   4.50000e-03   5.66726e-01   7.23006e-01   7.84493e-01   7.97897e-01   7.99492e-01   7.98758e-01   7.98290e-01   8.00033e-01   8.04973e-01   8.10998e-01   8.17511e-01   8.24604e-01   8.32402e-01   8.41034e-01   8.50636e-01   8.61339e-01   8.73230e-01   8.86320e-01   9.01324e-01   9.21898e-01   9.48557e-01   9.80039e-01   1.01673e+00   1.05937e+00   1.10881e+00   1.16923e+00   1.24730e+00   1.34445e+00   1.46027e+00   1.57037e+00   1.60477e+00   1.57035e+00   1.46025e+00   1.34449e+00   1.24738e+00   1.16933e+00   1.10892e+00   1.05948e+00   1.01685e+00   9.80162e-01   9.48679e-01   9.22021e-01   9.01448e-01   8.86440e-01   8.73351e-01   8.61463e-01   8.50763e-01   8.41164e-01   8.32535e-01   8.24740e-01   8.17651e-01   8.11142e-01   8.05123e-01   8.00191e-01   7.98452e-01   7.98928e-01   7.99668e-01   7.98074e-01   7.84660e-01   7.23161e-01   5.66865e-01
   4.00000e-03   5.00703e-01   6.08602e-01   6.71490e-01   6.98790e-01   7.11133e-01   7.17953e-01   7.23050e-01   7.28499e-01   7.35124e-01   7.42344e-01   7.49862e-01   7.57755e-01   7.66180e-01   7.75304e-01   7.85307e-01   7.96372e-01   8.08688e-01   8.22518e-01   8.38697e-01   8.59111e-01   8.84577e-01   9.14916e-01   9.50444e-01   9.91796e-01   1.03996e+00   1.09749e+00   1.16744e+00   1.24961e+00   1.33835e+00   1.41230e+00   1.43871e+00   1.41233e+00   1.33841e+00   1.24969e+00   1.16755e+00   1.09760e+00   1.04008e+00   9.91918e-01   9.50567e-01   9.15041e-01   8.84702e-01   8.59235e-01   8.38822e-01   8.22642e-01   8.08812e-01   7.96497e-01   7.85433e-01   7.75431e-01   7.66307e-01   7.57884e-01   7.49991e-01   7.42475e-01   7.35256e-01   7.28634e-01   7.23186e-01   7.18090e-01   7.11271e-01   6.98926e-01   6.71618e-01   6.08718e-01   5.00801e-01
   3.50000e-03   4.48780e-01   5.29640e-01   5.86566e-01   6.19324e-01   6.38234e-01   6.50465e-01   6.59741e-01   6.68083e-01   6.76400e-01   6.84766e-01   6.93183e-01   7.01789e-01   7.10777e-01   7.20351e-01   7.30727e-01   7.42137e-01   7.54842e-01   7.69217e-01   7.86005e-01   8.06387e-01   8.31173e-01   8.60668e-01   8.95265e-01   9.35538e-01   9.82311e-01   1.03699e+00   1.10063e+00   1.17156e+00   1.24276e+00   1.29808e+00   1.31850e+00   1.29811e+00   1.24283e+00   1.17165e+00   1.10073e+00   1.03710e+00   9.82425e-01   9.35655e-01   8.95384e-01   8.60788e-01   8.31293e-01   8.06506e-01   7.86124e-01   7.69336e-01   7.54962e-01   7.42257e-01   7.30848e-01   7.20471e-01   7.10897e-01   7.01910e-01   6.93304e-01   6.84888e-01   6.76522e-01   6.68206e-01   6.59865e-01   6.50590e-01   6.38358e-01   6.19444e-01   5.86677e-01   5.29739e-01   4.48862e-01
   3.00000e-03   4.07895e-01   4.71991e-01   5.22181e-01   5.56122e-01   5.78615e-01   5.94467e-01   6.06768e-01   6.17344e-01   6.27144e-01   6.36544e-01   6.45750e-01   6.54978e-01   6.64459e-01   6.74431e-01   6.85143e-01   6.96861e-01   7.09895e-01   7.24658e-01   7.41798e-01   7.62186e-01   7.86575e-01   8.15472e-01   8.49346e-01   8.88721e-01   9.34196e-01   9.86404e-01   1.04522e+00   1.10807e+00   1.16799e+00   1.21265e+00   1.22918e+00   1.21268e+00   1.16805e+00   1.10814e+00   1.04531e+00   9.86501e-01   9.34297e-01   8.88825e-01   8.49451e-01   8.15577e-01   7.86681e-01   7.62292e-01   7.41904e-01   7.24764e-01   7.10001e-01   6.96968e-01   6.85250e-01   6.74538e-01   6.64565e-01   6.55085e-01   6.45857e-01   6.36652e-01   6.27251e-01   6.17452e-01   6.06876e-01   5.94574e-01   5.78722e-01   5.56225e-01   5.22277e-01   4.72075e-01   4.07965e-01
   2.50000e-03   3.75850e-01   4.28908e-01   4.73273e-01   5.06515e-01   5.30694e-01   5.48816e-01   5.63229e-01   5.75482e-01   5.86495e-01   5.96778e-01   6.06655e-01   6.16411e-01   6.26312e-01   6.36626e-01   6.47628e-01   6.59609e-01   6.72907e-01   6.87948e-01   7.05311e-01   7.25717e-01   7.49869e-01   7.78352e-01   8.11682e-01   8.50335e-01   8.94708e-01   9.44927e-01   1.00014e+00   1.05730e+00   1.10990e+00   1.14805e+00   1.16207e+00   1.14807e+00   1.10995e+00   1.05737e+00   1.00022e+00   9.45007e-01   8.94793e-01   8.50421e-01   8.11770e-01   7.78441e-01   7.49958e-01   7.25806e-01   7.05400e-01   6.88037e-01   6.72996e-01   6.59698e-01   6.47717e-01   6.36716e-01   6.26402e-01   6.16500e-01   6.06746e-01   5.96868e-01   5.86586e-01   5.75572e-01   5.63319e-01   5.48905e-01   5.30782e-01   5.06600e-01   4.73351e-01   4.28977e-01   3.75908e-01
   2.00000e-03   3.51157e-01   3.96735e-01   4.36503e-01   4.68405e-01   4.93181e-01   5.12635e-01   5.28465e-01   5.41934e-01   5.53889e-01   5.64884e-01   5.75311e-01   5.85498e-01   5.95745e-01   6.06341e-01   6.17581e-01   6.29777e-01   6.43281e-01   6.58520e-01   6.76033e-01   6.96462e-01   7.20473e-01   7.48677e-01   7.81608e-01   8.19704e-01   8.63207e-01   9.11903e-01   9.64509e-01   1.01774e+00   1.06554e+00   1.09954e+00   1.11195e+00   1.09956e+00   1.06558e+00   1.01779e+00   9.64568e-01   9.11967e-01   8.63274e-01   8.19773e-01   7.81679e-01   7.48748e-01   7.20545e-01   6.96533e-01   6.76104e-01   6.58591e-01   6.43352e-01   6.29849e-01   6.17653e-01   6.06413e-01   5.95817e-01   5.85570e-01   5.75383e-01   5.64956e-01   5.53962e-01   5.42006e-01   5.28537e-01   5.12706e-01   4.93251e-01   4.68472e-01   4.36565e-01   3.96790e-01   3.51203e-01
   1.50000e-03   3.32809e-01   3.73324e-01   4.09682e-01   4.40214e-01   4.65042e-01   4.85221e-01   5.01959e-01   5.16271e-01   5.28918e-01   5.40454e-01   5.51305e-01   5.61828e-01   5.72345e-01   5.83162e-01   5.94588e-01   6.06949e-01   6.20606e-01   6.35985e-01   6.53600e-01   6.74052e-01   6.97981e-01   7.26002e-01   7.58654e-01   7.96343e-01   8.39200e-01   8.86793e-01   9.37576e-01   9.88159e-01   1.03283e+00   1.06418e+00   1.07555e+00   1.06420e+00   1.03286e+00   9.88195e-01   9.37620e-01   8.86840e-01   8.39250e-01   7.96395e-01   7.58707e-01   7.26055e-01   6.98035e-01   6.74106e-01   6.53654e-01   6.36039e-01   6.20660e-01   6.07003e-01   5.94642e-01   5.83216e-01   5.72398e-01   5.61882e-01   5.51360e-01   5.40509e-01   5.28972e-01   5.16325e-01   5.02013e-01   4.85275e-01   4.65094e-01   4.40264e-01   4.09728e-01   3.73365e-01   3.32843e-01
   1.00000e-03   3.20129e-01   3.57367e-01   3.91391e-01   4.20818e-01   4.45491e-01   4.66030e-01   4.83313e-01   4.98170e-01   5.11285e-01   5.23200e-01   5.34352e-01   5.45113e-01   5.55822e-01   5.66797e-01   5.78357e-01   5.90834e-01   6.04598e-01   6.20070e-01   6.37753e-01   6.58224e-01   6.82107e-01   7.10014e-01   7.42485e-01   7.79900e-01   8.22317e-01   8.69170e-01   9.18760e-01   9.67648e-01   1.01036e+00   1.04007e+00   1.05079e+00   1.04008e+00   1.01038e+00   9.67672e-01   9.18788e-01   8.69201e-01   8.22350e-01   7.79934e-01   7.42520e-01   7.10049e-01   6.82143e-01   6.58260e-01   6.37789e-01   6.20106e-01   6.04633e-01   5.90870e-01   5.78393e-01   5.66833e-01   5.55858e-01   5.45149e-01   5.34388e-01   5.23236e-01   5.11322e-01   4.98206e-01   4.83349e-01   4.66066e-01   4.45525e-01   4.20851e-01   3.91421e-01   3.57394e-01   3.20152e-01
   5.00000e-04   3.12684e-01   3.48076e-01   3.80741e-01   4.09467e-01   4.33978e-01   4.54674e-01   4.72243e-01   4.87404e-01   5.00789e-01   5.12926e-01   5.24257e-01   5.35162e-01   5.45986e-01   5.57056e-01   5.68695e-01   5.81242e-01   5.95068e-01   6.10594e-01   6.28316e-01   6.48800e-01   6.72659e-01   7.00505e-01   7.32874e-01   7.70131e-01   8.12295e-01   8.58724e-01   9.07640e-01   9.55586e-01   9.97218e-01   1.02603e+00   1.03640e+00   1.02604e+00   9.97226e-01   9.55598e-01   9.07654e-01   8.58739e-01   8.12311e-01   7.70149e-01   7.32892e-01   7.00523e-01   6.72677e-01   6.48818e-01   6.28334e-01   6.10612e-01   5.95085e-01   5.81260e-01   5.68713e-01   5.57074e-01   5.46004e-01   5.35180e-01   5.24275e-01   5.12944e-01   5.00807e-01   4.87422e-01   4.72261e-01   4.54692e-01   4.33995e-01   4.09483e-01   3.80756e-01   3.48090e-01   3.12695e-01
   0.00000e+00   3.10232e-01   3.45029e-01   3.77248e-01   4.05735e-01   4.30182e-01   4.50920e-01   4.68578e-01   4.83836e-01   4.97309e-01   5.09520e-01   5.20910e-01   5.31862e-01   5.42725e-01   5.53826e-01   5.65492e-01   5.78063e-01   5.91909e-01   6.07453e-01   6.25187e-01   6.45676e-01   6.69528e-01   6.97355e-01   7.29691e-01   7.66897e-01   8.08977e-01   8.55268e-01   9.03966e-01   9.51609e-01   9.92895e-01   1.02143e+00   1.03168e+00   1.02143e+00   9.92895e-01   9.51609e-01   9.03966e-01   8.55268e-01   8.08977e-01   7.66897e-01   7.29691e-01   6.97355e-01   6.69528e-01   6.45676e-01   6.25187e-01   6.07453e-01   5.91909e-01   5.78063e-01   5.65492e-01   5.53826e-01   5.42725e-01   5.31862e-01   5.20910e-01   5.09520e-01   4.97309e-01   4.83836e-01   4.68578e-01   4.50920e-01   4.30182e-01   4.05735e-01   3.77248e-01   3.45029e-01   3.10232e-01
  -5.00000e-04   3.12695e-01   3.48090e-01   3.80756e-01   4.09483e-01   4.33995e-01   4.54692e-01   4.72261e-01   4.87422e-01   5.00807e-01   5.12944e-01   5.24275e-01   5.35180e-01   5.46004e-01   5.57074e-01   5.68713e-01   5.81260e-01   5.95085e-01   6.10612e-01   6.28334e-01   6.48818e-01   6.72677e-01   7.00523e-01   7.32892e-01   7.70149e-01   8.12311e-01   8.58739e-01   9.07654e-01   9.55598e-01   9.97226e-01   1.02604e+00   1.03640e+00   1.02603e+00   9.97218e-01   9.55586e-01   9.07640e-01   8.58724e-01   8.12295e-01   7.70131e-01   7.32874e-01   7.00505e-01   6.72660e-01   6.48800e-01   6.28316e-01   6.10594e-01   5.95068e-01   5.81242e-01   5.68695e-01   5.57056e-01   5.45986e-01   5.35162e-01   5.24257e-01   5.12926e-01   5.00789e-01   4.87404e-01   4.72243e-01   4.54674e-01   4.33978e-01   4.09467e-01   3.80741e-01   3.48076e-01   3.12684e-01
  -1.00000e-03   3.20152e-01   3.57394e-01   3.91421e-01   4.20851e-01   4.45525e-01   4.66066e-01   4.83349e-01   4.98206e-01   5.11322e-01   5.23236e-01   5.34388e-01   5.45149e-01   5.55858e-01   5.66833e-01   5.78393e-01   5.90870e-01   6.04633e-01   6.20106e-01   6.37789e-01   6.58260e-01   6.82142e-01   7.10049e-01   7.42520e-01   7.79934e-01   8.22350e-01   8.69201e-01   9.18788e-01   9.67672e-01   1.01038e+00   1.04008e+00   1.05079e+00   1.04007e+00   1.01036e+00   9.67648e-01   9.18760e-01   8.69170e-01   8.22317e-01   7.79900e-01   7.42485e-01   7.10014e-01   6.82107e-01   6.58224e-01   6.37753e-01   6.20070e-01   6.04598e-01   5.90834e-01   5.78357e-01   5.66797e-01   5.55822e-01   5.45113e-01   5.34352e-01   5.23200e-01   5.11285e-01   4.98170e-01   4.83313e-01   4.66030e-01   4.45491e-01   4.20818e-01   3.91391e-01   3.57367e-01   3.20129e-01
  -1.50000e-03   3.32843e-01   3.73365e-01   4.09728e-01   4.40264e-01   4.65094e-01   4.85275e-01   5.02013e-01   5.16325e-01   5.28972e-01   5.40509e-01   5.51360e-01   5.61882e-01   5.72398e-01   5.83216e-01   5.94642e-01   6.07003e-01   6.20660e-01   6.36039e-01   6.53654e-01   6.74106e-01   6.98035e-01   7.26055e-01   7.58707e-01   7.96395e-01   8.39250e-01   8.86840e-01   9.37620e-01   9.88195e-01   1.03286e+00   1.06420e+00   1.07555e+00   1.06418e+00   1.03283e+00   9.88159e-01   9.37576e-01   8.86793e-01   8.39200e-01   7.96343e-01   7.58654e-01   7.26002e-01   6.97981e-01   6.74052e-01   6.53600e-01   6.35985e-01   6.20606e-01   6.06949e-01   5.94588e-01   5.83162e-01   5.72345e-01   5.61828e-01   5.51306e-01   5.40454e-01   5.28918e-01   5.16271e-01   5.01959e-01   4.85221e-01   4.65042e-01   4.40214e-01   4.09682e-01   3.73324e-01   3.32809e-01
  -2.00000e-03   3.51203e-01   3.96790e-01   4.36565e-01   4.68472e-01   4.93251e-01   5.12706e-01   5.28537e-01   5.42006e-01   5.53962e-01   5.64956e-01   5.75383e-01   5.85570e-01   5.95817e-01   6.06413e-01   6.17653e-01   6.29849e-01   6.43352e-01   6.58591e-01   6.76104e-01   6.96533e-01   7.20545e-01   7.48748e-01   7.81679e-01   8.19773e-01   8.63274e-01   9.11967e-01   9.64568e-01   1.01779e+00   1.06558e+00   1.09956e+00   1.11195e+00   1.09954e+00   1.06554e+00   1.01774e+00   9.64509e-01   9.11903e-01   8.63207e-01   8.19704e-01   7.81608e-01   7.48677e-01   7.20473e-01   6.96462e-01   6.76033e-01   6.58520e-01   6.43281e-01   6.29777e-01   6.17581e-01   6.06341e-01   5.95745e-01   5.85498e-01   5.75311e-01   5.64884e-01   5.53889e-01   5.41934e-01   5.28465e-01   5.12635e-01   4.93181e-01   4.68405e-01   4.36503e-01   3.96735e-01   3.51157e-01
  -2.50000e-03   3.75908e-01   4.28977e-01   4.73351e-01   5.06600e-01   5.30782e-01   5.48905e-01   5.63319e-01   5.75572e-01   5.86586e-01   5.96868e-01   6.06746e-01   6.16500e-01   6.26402e-01   6.36716e-01   6.47717e-01   6.59698e-01   6.72996e-01   6.88037e-01   7.05400e-01   7.25806e-01   7.49958e-01   7.78441e-01   8.11770e-01   8.50421e-01   8.94793e-01   9.45007e-01   1.00022e+00   1.05737e+00   1.10995e+00   1.14807e+00   1.16207e+00   1.14805e+00   1.10990e+00   1.05730e+00   1.00014e+00   9.44927e-01   8.94708e-01   8.50335e-01   8.11682e-01   7.78353e-01   7.49869e-01   7.25717e-01   7.05311e-01   6.87948e-01   6.72907e-01   6.59609e-01   6.47628e-01   6.36626e-01   6.26312e-01   6.16411e-01   6.06655e-01   5.96778e-01   5.86495e-01   5.75482e-01   5.63229e-01   5.48816e-01   5.30694e-01   5.06515e-01   4.73273e-01   4.28908e-01   3.75850e-01
  -3.00000e-03   4.07965e-01   4.72075e-01   5.22277e-01   5.56225e-01   5.78722e-01   5.94574e-01   6.06876e-01   6.17452e-01   6.27251e-01   6.36652e-01   6.45857e-01   6.55085e-01   6.64565e-01   6.74538e-01   6.85249e-01   6.96968e-01   7.10001e-01   7.24764e-01   7.41904e-01   7.62292e-01   7.86681e-01   8.15577e-01   8.49451e-01   8.88825e-01   9.34297e-01   9.86501e-01   1.04531e+00   1.10814e+00   1.16805e+00   1.21268e+00   1.22918e+00   1.21265e+00   1.16799e+00   1.10807e+00   1.04522e+00   9.86404e-01   9.34196e-01   8.88721e-01   8.49346e-01   8.15472e-01   7.86575e-01   7.62186e-01   7.41798e-01   7.24658e-01   7.09895e-01   6.96861e-01   6.85143e-01   6.74431e-01   6.64459e-01   6.54978e-01   6.45750e-01   6.36544e-01   6.27144e-01   6.17344e-01   6.06768e-01   5.94467e-01   5.78615e-01   5.56122e-01   5.22181e-01   4.71991e-01   4.07895e-01
  -3.50000e-03   4.48862e-01   5.29739e-01   5.86677e-01   6.19444e-01   6.38358e-01   6.50590e-01   6.59865e-01   6.68206e-01   6.76522e-01   6.84888e-01   6.93304e-01   7.01910e-01   7.10897e-01   7.20471e-01   7.30848e-01   7.42257e-01   7.54962e-01   7.69336e-01   7.86124e-01   8.06506e-01   8.31293e-01   8.60788e-01   8.95384e-01   9.35655e-01   9.82425e-01   1.03710e+00   1.10073e+00   1.17165e+00   1.24283e+00   1.29811e+00   1.31850e+00   1.29808e+00   1.24276e+00   1.17156e+00   1.10063e+00   1.03699e+00   9.82311e-01   9.35538e-01   8.95265e-01   8.60668e-01   8.31173e-01   8.06387e-01   7.86005e-01   7.69217e-01   7.54842e-01   7.42137e-01   7.30727e-01   7.20351e-01   7.10777e-01   7.01789e-01   6.93183e-01   6.84766e-01   6.76400e-01   6.68083e-01   6.59741e-01   6.50465e-01   6.38234e-01   6.19324e-01   5.86566e-01   5.29640e-01   4.48780e-01
  -4.00000e-03   5.00801e-01   6.08718e-01   6.71618e-01   6.98926e-01   7.11271e-01   7.18090e-01   7.23186e-01   7.28634e-01   7.35256e-01   7.42475e-01   7.49991e-01   7.57884e-01   7.66307e-01   7.75431e-01   7.85433e-01   7.96497e-01   8.08812e-01   8.22642e-01   8.38822e-01   8.59235e-01   8.84702e-01   9.15041e-01   9.50567e-01   9.91918e-01   1.04008e+00   1.09760e+00   1.16755e+00   1.24969e+00   1.33841e+00   1.41233e+00   1.43871e+00   1.41230e+00   1.33835e+00   1.24961e+00   1.16744e+00   1.09749e+00   1.03996e+00   9.91796e-01   9.50444e-01   9.14916e-01   8.84577e-01   8.59111e-01   8.38697e-01   8.22518e-01   8.08688e-01   7.96372e-01   7.85307e-01   7.75304e-01   7.66180e-01   7.57755e-01   7.49862e-01   7.42344e-01   7.35124e-01   7.28499e-01   7.23050e-01   7.17953e-01   7.11133e-01   6.98790e-01   6.71490e-01   6.08602e-01   5.00703e-01
  -4.50000e-03   5.66865e-01   7.23162e-01   7.84661e-01   7.98074e-01   7.99668e-01   7.98928e-01   7.98452e-01   8.00191e-01   8.05123e-01   8.11142e-01   8.17651e-01   8.24740e-01   8.32535e-01   8.41164e-01   8.50763e-01   8.61463e-01   8.73351e-01   8.86440e-01   9.01448e-01   9.22021e-01   9.48679e-01   9.80162e-01   1.01685e+00   1.05948e+00   1.10892e+00   1.16933e+00   1.24738e+00   1.34449e+00   1.46025e+00   1.57035e+00   1.60477e+00   1.57037e+00   1.46027e+00   1.34445e+00   1.24730e+00   1.16923e+00   1.10881e+00   1.05937e+00   1.01673e+00   9.80039e-01   9.48557e-01   9.21898e-01   9.01324e-01   8.86320e-01   8.73230e-01   8.61339e-01   8.50636e-01   8.41034e-01   8.32402e-01   8.24604e-01   8.17511e-01   8.10998e-01   8.04973e-01   8.00033e-01   7.98290e-01   7.98758e-01   7.99492e-01   7.97897e-01   7.84493e-01   7.23006e-01   5.66726e-01
  -5.00000e-03   6.49136e-01   9.08655e-01   9.37050e-01   9.22684e-01   9.08573e-01   8.98058e-01   8.90448e-01   8.87205e-01   8.91104e-01   8.95906e-01   9.01293e-01   9.07492e-01   9.14602e-01   9.22704e-01   9.31888e-01   9.42231e-01   9.53710e-01   9.65920e-01   9.78346e-01   9.99642e-01   1.02837e+00   1.06130e+00   1.09938e+00   1.14359e+00   1.19389e+00   1.25622e+00   1.34477e+00   1.46039e+00   1.61539e+00   1.80623e+00   1.84065e+00   1.80627e+00   1.61550e+00   1.46029e+00   1.34454e+00   1.25592e+00   1.19355e+00   1.14324e+00   1.09901e+00   1.06092e+00   1.02800e+00   9.99277e-01   9.77970e-01   9.65566e-01   9.53345e-01   9.41854e-01   9.31500e-01   9.22304e-01   9.14188e-01   9.07063e-01   9.00848e-01   8.95443e-01   8.90620e-01   8.86684e-01   8.89910e-01   8.97485e-01   9.07967e-01   9.22061e-01   9.36452e-01   9.08129e-01   6.48787e-01
  -5.50000e-03   7.23029e-01   1.27023e+00   1.15823e+00   1.10031e+00   1.06611e+00   1.04404e+00   1.02802e+00   1.01626e+00   1.02210e+00   1.02555e+00   1.02971e+00   1.03497e+00   1.04137e+00   1.04895e+00   1.05773e+00   1.06775e+00   1.07891e+00   1.09043e+00   1.09630e+00   1.12114e+00   1.15294e+00   1.18750e+00   1.22716e+00   1.27334e+00   1.32473e+00   1.38495e+00   1.48771e+00   1.62338e+00   1.82619e+00   2.20688e+00   2.13283e+00   2.19954e+00   1.81804e+00   1.61401e+00   1.47772e+00   1.37470e+00   1.31436e+00   1.26277e+00   1.21647e+00   1.17678e+00   1.14227e+00   1.11059e+00   1.08575e+00   1.07992e+00   1.06830e+00   1.05706e+00   1.04697e+00   1.03812e+00   1.03048e+00   1.02400e+00   1.01866e+00   1.01441e+00   1.01088e+00   1.00488e+00   1.01648e+00   1.03224e+00   1.05413e+00   1.08825e+00   1.14637e+00   1.25941e+00   7.21438e-01
  -6.00000e-03   6.53678e-01   1.47442e+00   1.12750e+00   1.01135e+00   9.50338e-01   9.13259e-01   8.87972e-01   8.67037e-01   8.68191e-01   8.70008e-01   8.72693e-01   8.77030e-01   8.82917e-01   8.90297e-01   8.99178e-01   9.09605e-01   9.21569e-01   9.34680e-01   9.47290e-01   9.85284e-01   1.02299e+00   1.06323e+00   1.10972e+00   1.16473e+00   1.23060e+00   1.33560e+00   1.46843e+00   1.64410e+00   1.91985e+00   2.54654e+00   2.11968e+00   2.82100e+00   2.19098e+00   1.91351e+00   1.73647e+00   1.60204e+00   1.48853e+00   1.42265e+00   1.36727e+00   1.32024e+00   1.27930e+00   1.24116e+00   1.19835e+00   1.18650e+00   1.17341e+00   1.16122e+00   1.15041e+00   1.14101e+00   1.13298e+00   1.12632e+00   1.12106e+00   1.11730e+00   1.11488e+00   1.11184e+00   1.13437e+00   1.15906e+00   1.19505e+00   1.25443e+00   1.36816e+00   1.71307e+00   6.49453e-01
  -6.50000e-03   5.19811e-01   1.55217e+00   1.18338e+00   1.03071e+00   9.50305e-01   9.02438e-01   8.71527e-01   8.50997e-01   8.44716e-01   8.43803e-01   8.44772e-01   8.47908e-01   8.52933e-01   8.59709e-01   8.68215e-01   8.78512e-01   8.90721e-01   9.05083e-01   9.23841e-01   9.54005e-01   9.91550e-01   1.03281e+00   1.08106e+00   1.13927e+00   1.21278e+00   1.31443e+00   1.45382e+00   1.64265e+00   1.93702e+00   2.50616e+00   1.82563e+00   2.81460e+00   2.23586e+00   1.93692e+00   1.74554e+00   1.60415e+00   1.49360e+00   1.41962e+00   1.36090e+00   1.31202e+00   1.27003e+00   1.23211e+00   1.19767e+00   1.17885e+00   1.16444e+00   1.15197e+00   1.14125e+00   1.13219e+00   1.12473e+00   1.11890e+00   1.11484e+00   1.11281e+00   1.11328e+00   1.11838e+00   1.14027e+00   1.17105e+00   1.21887e+00   1.29961e+00   1.45403e+00   1.82921e+00   5.15288e-01
  -7.00000e-03   4.31790e-01   1.58064e+00   1.24636e+00   1.07515e+00   9.80539e-01   9.24111e-01   8.88678e-01   8.65859e-01   8.55555e-01   8.52157e-01   8.51557e-01   8.53613e-01   8.57873e-01   8.64124e-01   8.72319e-01   8.82545e-01   8.95051e-01   9.10506e-01   9.31007e-01   9.58734e-01   9.95620e-01   1.03758e+00   1.08733e+00   1.14817e+00   1.22581e+00   1.32784e+00   1.46967e+00   1.66322e+00   1.95209e+00   2.42363e+00   1.59944e+00   2.72912e+00   2.24883e+00   1.95377e+00   1.75664e+00   1.61231e+00   1.50106e+00   1.42259e+00   1.36106e+00   1.31059e+00   1.26785e+00   1.23066e+00   1.19878e+00   1.17795e+00   1.16236e+00   1.14958e+00   1.13895e+00   1.13024e+00   1.12337e+00   1.11839e+00   1.11553e+00   1.11526e+00   1.11854e+00   1.12819e+00   1.15265e+00   1.18864e+00   1.24627e+00   1.34340e+00   1.51993e+00   1.86294e+00   4.27534e-01
  -7.50000e-03   3.73066e-01   1.59881e+00   1.29206e+00   1.11416e+00   1.01082e+00   9.48483e-01   9.09616e-01   8.84419e-01   8.71422e-01   8.65974e-01   8.63977e-01   8.65059e-01   8.68631e-01   8.74416e-01   8.82349e-01   8.92543e-01   9.05343e-01   9.21576e-01   9.42748e-01   9.69536e-01   1.00590e+00   1.04831e+00   1.09925e+00   1.16205e+00   1.24201e+00   1.34483e+00   1.48689e+00   1.67876e+00   1.95014e+00   2.34580e+00   1.44231e+00   2.64431e+00   2.24174e+00   1.96364e+00   1.76757e+00   1.62259e+00   1.51029e+00   1.42924e+00   1.36559e+00   1.31383e+00   1.27059e+00   1.23396e+00   1.20304e+00   1.18144e+00   1.16501e+00   1.15192e+00   1.14135e+00   1.13294e+00   1.12660e+00   1.12241e+00   1.12066e+00   1.12198e+00   1.12763e+00   1.14037e+00   1.16759e+00   1.20765e+00   1.27232e+00   1.38000e+00   1.56583e+00   1.88273e+00   3.69040e-01
