# Author : T. Tanabe
# EPU50LV
# Undulator Length [m]
1.8
# Number of Horizontal Points
61
# Number of Vertical Points
31
# Horizontal Kick [micro-rad]
START
                -3.00000e-02  -2.90000e-02  -2.80000e-02  -2.70000e-02  -2.60000e-02  -2.50000e-02  -2.40000e-02  -2.30000e-02  -2.20000e-02  -2.10000e-02  -2.00000e-02  -1.90000e-02  -1.80000e-02  -1.70000e-02  -1.60000e-02  -1.50000e-02  -1.40000e-02  -1.30000e-02  -1.20000e-02  -1.10000e-02  -1.00000e-02  -9.00000e-03  -8.00000e-03  -7.00000e-03  -6.00000e-03  -5.00000e-03  -4.00000e-03  -3.00000e-03  -2.00000e-03  -1.00000e-03   0.00000e+00   1.00000e-03   2.00000e-03   3.00000e-03   4.00000e-03   5.00000e-03   6.00000e-03   7.00000e-03   8.00000e-03   9.00000e-03   1.00000e-02   1.10000e-02   1.20000e-02   1.30000e-02   1.40000e-02   1.50000e-02   1.60000e-02   1.70000e-02   1.80000e-02   1.90000e-02   2.00000e-02   2.10000e-02   2.20000e-02   2.30000e-02   2.40000e-02   2.50000e-02   2.60000e-02   2.70000e-02   2.80000e-02   2.90000e-02   3.00000e-02
   7.50000e-03  -1.31934e+01   1.08528e+02   6.67964e+01   3.98047e+01   2.46487e+01   1.61757e+01   1.09758e+01   7.06434e+00   4.61080e+00   3.07249e+00   2.02808e+00   1.21287e+00   5.13790e-01  -1.36388e-01  -7.91503e-01  -1.51339e+00  -2.41360e+00  -3.78440e+00  -5.49005e+00  -8.91064e+00  -1.12339e+01  -1.40764e+01  -1.81421e+01  -2.42721e+01  -3.36901e+01  -4.85519e+01  -6.73225e+01  -9.63411e+01  -1.41042e+02  -2.08070e+02   5.04965e-03   2.08079e+02   1.41048e+02   9.63441e+01   6.73238e+01   4.85525e+01   3.36905e+01   2.42720e+01   1.81425e+01   1.40767e+01   1.12344e+01   8.91056e+00   5.49014e+00   3.78416e+00   2.41368e+00   1.51349e+00   7.91604e-01   1.36307e-01  -5.13565e-01  -1.21270e+00  -2.02782e+00  -3.07271e+00  -4.61106e+00  -7.06514e+00  -1.09770e+01  -1.61774e+01  -2.46516e+01  -3.98098e+01  -6.68042e+01  -1.08540e+02   1.31857e+01
   7.00000e-03  -2.45196e+01   1.25747e+02   6.77703e+01   3.77029e+01   2.30618e+01   1.53095e+01   1.06480e+01   6.56698e+00   4.08170e+00   2.77511e+00   1.86238e+00   1.11945e+00   4.68816e-01  -1.39414e-01  -7.45324e-01  -1.39021e+00  -2.14785e+00  -3.31605e+00  -5.44950e+00  -9.30151e+00  -1.11751e+01  -1.36595e+01  -1.73667e+01  -2.30563e+01  -3.26522e+01  -4.84109e+01  -6.67496e+01  -9.78932e+01  -1.54248e+02  -2.50090e+02   7.36319e-03   2.50104e+02   1.54253e+02   9.78954e+01   6.67509e+01   4.84116e+01   3.26518e+01   2.30562e+01   1.73666e+01   1.36597e+01   1.11754e+01   9.30174e+00   5.44951e+00   3.31571e+00   2.14771e+00   1.39028e+00   7.45250e-01   1.39331e-01  -4.68590e-01  -1.11927e+00  -1.86226e+00  -2.77475e+00  -4.08202e+00  -6.56751e+00  -1.06491e+01  -1.53110e+01  -2.30641e+01  -3.77070e+01  -6.77777e+01  -1.25760e+02   2.45112e+01
   6.50000e-03  -4.95712e+01   1.64098e+02   6.52505e+01   3.36797e+01   2.06290e+01   1.40585e+01   1.04158e+01   5.74668e+00   3.35829e+00   2.44864e+00   1.68587e+00   1.01710e+00   4.13946e-01  -1.54165e-01  -7.13871e-01  -1.28373e+00  -1.87115e+00  -2.57548e+00  -5.31921e+00  -1.01037e+01  -1.10727e+01  -1.31754e+01  -1.64700e+01  -2.14111e+01  -3.06925e+01  -4.87790e+01  -6.45669e+01  -9.61106e+01  -1.63876e+02  -3.25628e+02   9.72712e-03   3.25646e+02   1.63880e+02   9.61112e+01   6.45673e+01   4.87794e+01   3.06916e+01   2.14108e+01   1.64697e+01   1.31755e+01   1.10734e+01   1.01042e+01   5.31879e+00   2.57545e+00   1.87113e+00   1.28362e+00   7.14120e-01   1.54417e-01  -4.13876e-01  -1.01690e+00  -1.68589e+00  -2.44839e+00  -3.35828e+00  -5.74685e+00  -1.04169e+01  -1.40600e+01  -2.06308e+01  -3.36827e+01  -6.52566e+01  -1.64115e+02   4.95614e+01
   6.00000e-03  -1.27741e+02   2.16512e+02   5.41539e+01   2.77125e+01   1.75942e+01   1.25422e+01   1.03778e+01   2.50240e+00   2.60045e+00   2.16085e+00   1.53162e+00   9.28333e-01   3.67669e-01  -1.65013e-01  -6.84597e-01  -1.18937e+00  -1.61839e+00  -1.63029e+00  -2.42836e+00  -1.10369e+01  -1.08211e+01  -1.26152e+01  -1.54850e+01  -1.94064e+01  -2.47127e+01  -4.99600e+01  -6.02041e+01  -8.95782e+01  -1.59947e+02  -4.64860e+02   3.83971e-03   4.64874e+02   1.59946e+02   8.95769e+01   6.02036e+01   4.99611e+01   2.47105e+01   1.94060e+01   1.54850e+01   1.26153e+01   1.08219e+01   1.10382e+01   2.42691e+00   1.62976e+00   1.61851e+00   1.18926e+00   6.84524e-01   1.65284e-01  -3.67408e-01  -9.28264e-01  -1.53141e+00  -2.16051e+00  -2.60007e+00  -2.50163e+00  -1.03787e+01  -1.25430e+01  -1.75952e+01  -2.77141e+01  -5.41568e+01  -2.16529e+02   1.27738e+02
   5.50000e-03  -1.55740e+02   5.89549e+01   3.12916e+01   1.91875e+01   1.34960e+01   1.03482e+01   9.14641e+00   1.61988e+00   2.38139e+00   2.11779e+00   1.57312e+00   1.01950e+00   4.94494e-01  -4.34736e-03  -4.82092e-01  -9.23794e-01  -1.23209e+00  -8.72911e-01   3.21775e+00  -9.10508e+00  -8.97999e+00  -1.03952e+01  -1.26179e+01  -1.53022e+01  -1.49045e+01  -3.55775e+01  -4.60856e+01  -6.80597e+01  -1.18824e+02  -2.99312e+02  -2.78185e-02   2.99288e+02   1.18817e+02   6.80566e+01   4.60840e+01   3.55780e+01   1.49023e+01   1.53010e+01   1.26174e+01   1.03955e+01   8.98003e+00   9.10638e+00  -3.21876e+00   8.72258e-01   1.23193e+00   9.23741e-01   4.82622e-01   4.71436e-03  -4.94131e-01  -1.01915e+00  -1.57279e+00  -2.11764e+00  -2.38082e+00  -1.61890e+00  -9.14681e+00  -1.03484e+01  -1.34959e+01  -1.91874e+01  -3.12900e+01  -5.89418e+01   1.55761e+02
   5.00000e-03  -7.44870e+01  -1.38446e+01   1.31967e+01   1.22749e+01   9.96389e+00   8.13669e+00   6.82846e+00   3.86360e+00   2.36964e+00   1.87816e+00   1.34990e+00   8.29622e-01   3.30649e-01  -1.51697e-01  -6.25205e-01  -1.08186e+00  -1.46647e+00  -1.59488e+00  -2.74968e+00  -7.09110e+00  -8.37660e+00  -9.98532e+00  -1.21613e+01  -1.47579e+01  -1.75047e+01  -2.82685e+01  -3.99587e+01  -5.66967e+01  -8.69467e+01  -1.18857e+02  -2.41475e-02   1.18828e+02   8.69354e+01   5.66915e+01   3.99562e+01   2.82673e+01   1.75032e+01   1.47571e+01   1.21612e+01   9.98526e+00   8.37734e+00   7.09162e+00   2.75002e+00   1.59438e+00   1.46663e+00   1.08210e+00   6.25183e-01   1.51849e-01  -3.30651e-01  -8.29160e-01  -1.34945e+00  -1.87770e+00  -2.36915e+00  -3.86330e+00  -6.82820e+00  -8.13624e+00  -9.96356e+00  -1.22734e+01  -1.31924e+01   1.38609e+01   7.45058e+01
   4.50000e-03  -3.82055e+01  -1.57752e+01   3.92292e+00   7.57436e+00   7.36097e+00   6.42503e+00   5.29920e+00   3.59269e+00   2.35507e+00   1.72026e+00   1.18334e+00   6.78241e-01   1.94092e-01  -2.81561e-01  -7.59618e-01  -1.24521e+00  -1.73161e+00  -2.26653e+00  -3.64620e+00  -6.13813e+00  -7.87175e+00  -9.64454e+00  -1.18274e+01  -1.44880e+01  -1.81310e+01  -2.53110e+01  -3.45167e+01  -4.61340e+01  -6.07642e+01  -5.93994e+01  -1.72142e-02   5.93748e+01   6.07522e+01   4.61276e+01   3.45133e+01   2.53093e+01   1.81296e+01   1.44870e+01   1.18269e+01   9.64441e+00   7.87203e+00   6.13856e+00   3.64627e+00   2.26639e+00   1.73168e+00   1.24535e+00   7.59722e-01   2.81968e-01  -1.93679e-01  -6.78110e-01  -1.18307e+00  -1.71985e+00  -2.35480e+00  -3.59211e+00  -5.29899e+00  -6.42473e+00  -7.35994e+00  -7.57188e+00  -3.91738e+00   1.57875e+01   3.82189e+01
   4.00000e-03  -2.17313e+01  -1.09096e+01   7.66773e-01   4.95572e+00   5.66313e+00   5.23414e+00   4.37274e+00   3.22853e+00   2.25905e+00   1.59777e+00   1.05289e+00   5.53042e-01   7.41543e-02  -4.01001e-01  -8.89221e-01  -1.40665e+00  -1.97880e+00  -2.70747e+00  -3.96620e+00  -5.78308e+00  -7.54074e+00  -9.40068e+00  -1.16047e+01  -1.42957e+01  -1.79046e+01  -2.33505e+01  -3.01590e+01  -3.76176e+01  -4.32862e+01  -3.49144e+01  -1.29835e-02   3.48946e+01   4.32745e+01   3.76109e+01   3.01555e+01   2.33483e+01   1.79032e+01   1.42948e+01   1.16041e+01   9.40047e+00   7.54091e+00   5.78332e+00   3.96601e+00   2.70741e+00   1.97868e+00   1.40689e+00   8.89371e-01   4.01169e-01  -7.39171e-02  -5.52679e-01  -1.05265e+00  -1.59734e+00  -2.25850e+00  -3.22828e+00  -4.37243e+00  -5.23335e+00  -5.66168e+00  -4.95303e+00  -7.61100e-01   1.09189e+01   2.17411e+01
   3.50000e-03  -1.28737e+01  -6.58727e+00   4.20649e-01   3.82470e+00   4.71849e+00   4.50391e+00   3.82240e+00   2.94893e+00   2.14223e+00   1.49726e+00   9.49569e-01   4.49750e-01  -2.91143e-02  -5.08069e-01  -1.00822e+00  -1.55359e+00  -2.18185e+00  -2.98418e+00  -4.13941e+00  -5.66666e+00  -7.36118e+00  -9.24960e+00  -1.14637e+01  -1.41286e+01  -1.74924e+01  -2.18577e+01  -2.68375e+01  -3.13141e+01  -3.23791e+01  -2.30841e+01  -9.49375e-03   2.30679e+01   3.23686e+01   3.13075e+01   2.68339e+01   2.18553e+01   1.74910e+01   1.41276e+01   1.14632e+01   9.24943e+00   7.36118e+00   5.66674e+00   4.13945e+00   2.98414e+00   2.18191e+00   1.55364e+00   1.00835e+00   5.08317e-01   2.93721e-02  -4.49594e-01  -9.49354e-01  -1.49693e+00  -2.14194e+00  -2.94846e+00  -3.82177e+00  -4.50310e+00  -4.71698e+00  -3.82185e+00  -4.15812e-01   6.59442e+00   1.28809e+01
   3.00000e-03  -7.53715e+00  -3.35315e+00   1.09416e+00   3.57086e+00   4.31384e+00   4.12701e+00   3.52129e+00   2.76874e+00   2.04500e+00   1.41792e+00   8.68843e-01   3.66046e-01  -1.16260e-01  -6.01111e-01  -1.11272e+00  -1.67902e+00  -2.34011e+00  -3.16665e+00  -4.25876e+00  -5.64952e+00  -7.28421e+00  -9.17299e+00  -1.13841e+01  -1.39941e+01  -1.71039e+01  -2.07262e+01  -2.43918e+01  -2.68756e+01  -2.56486e+01  -1.68381e+01  -7.29992e-03   1.68252e+01   2.56392e+01   2.68693e+01   2.43881e+01   2.07238e+01   1.71024e+01   1.39931e+01   1.13836e+01   9.17273e+00   7.28417e+00   5.64943e+00   4.25881e+00   3.16672e+00   2.34022e+00   1.67902e+00   1.11282e+00   6.01320e-01   1.16432e-01  -3.65822e-01  -8.68612e-01  -1.41777e+00  -2.04469e+00  -2.76839e+00  -3.52080e+00  -4.12613e+00  -4.31232e+00  -3.56830e+00  -1.09005e+00   3.35868e+00   7.54285e+00
   2.50000e-03  -4.09458e+00  -1.00365e+00   2.01643e+00   3.75373e+00   4.24620e+00   3.99087e+00   3.38672e+00   2.67211e+00   1.97986e+00   1.36002e+00   8.07442e-01   2.99625e-01  -1.87734e-01  -6.79171e-01  -1.20056e+00  -1.78147e+00  -2.46078e+00  -3.29457e+00  -4.35148e+00  -5.67476e+00  -7.26885e+00  -9.14886e+00  -1.13497e+01  -1.39003e+01  -1.67984e+01  -1.98961e+01  -2.26425e+01  -2.38400e+01  -2.14668e+01  -1.33342e+01  -5.59831e-03   1.33242e+01   2.14592e+01   2.38343e+01   2.26394e+01   1.98939e+01   1.67970e+01   1.38995e+01   1.13492e+01   9.14873e+00   7.26872e+00   5.67470e+00   4.35151e+00   3.29454e+00   2.46084e+00   1.78155e+00   1.20069e+00   6.79268e-01   1.87914e-01  -2.99438e-01  -8.07247e-01  -1.35977e+00  -1.97959e+00  -2.67174e+00  -3.38620e+00  -3.98995e+00  -4.24470e+00  -3.75151e+00  -2.01308e+00   1.00785e+00   4.09892e+00
   2.00000e-03  -1.79587e+00   6.82491e-01   2.88513e+00   4.10292e+00   4.35568e+00   3.99807e+00   3.35562e+00   2.63522e+00   1.94455e+00   1.32142e+00   7.62676e-01   2.48715e-01  -2.44362e-01  -7.42062e-01  -1.27126e+00  -1.86208e+00  -2.55150e+00  -3.38737e+00  -4.42615e+00  -5.71612e+00  -7.28595e+00  -9.15717e+00  -1.13461e+01  -1.38454e+01  -1.65817e+01  -1.93105e+01  -2.14273e+01  -2.18053e+01  -1.88484e+01  -1.12854e+01  -4.20595e-03   1.12778e+01   1.88421e+01   2.18010e+01   2.14245e+01   1.93086e+01   1.65807e+01   1.38447e+01   1.13457e+01   9.15698e+00   7.28588e+00   5.71611e+00   4.42619e+00   3.38739e+00   2.55154e+00   1.86214e+00   1.27133e+00   7.42182e-01   2.44490e-01  -2.48610e-01  -7.62488e-01  -1.32126e+00  -1.94432e+00  -2.63493e+00  -3.35519e+00  -3.99729e+00  -4.35445e+00  -4.10103e+00  -2.88252e+00  -6.79328e-01   1.79915e+00
   1.50000e-03  -2.57149e-01   1.86398e+00   3.59081e+00   4.46648e+00   4.53002e+00   4.07306e+00   3.37934e+00   2.63433e+00   1.93079e+00   1.29830e+00   7.31734e-01   2.11443e-01  -2.87107e-01  -7.90121e-01  -1.32516e+00  -1.92252e+00  -2.61775e+00  -3.45475e+00  -4.48501e+00  -5.75907e+00  -7.31601e+00  -9.18095e+00  -1.13600e+01  -1.38200e+01  -1.64406e+01  -1.89160e+01  -2.06117e+01  -2.04752e+01  -1.72143e+01  -1.00634e+01  -3.01247e-03   1.00577e+01   1.72099e+01   2.04719e+01   2.06095e+01   1.89146e+01   1.64397e+01   1.38195e+01   1.13597e+01   9.18079e+00   7.31593e+00   5.75904e+00   4.48500e+00   3.45475e+00   2.61778e+00   1.92257e+00   1.32523e+00   7.90190e-01   2.87203e-01  -2.11341e-01  -7.31612e-01  -1.29814e+00  -1.93060e+00  -2.63405e+00  -3.37894e+00  -4.07244e+00  -4.52904e+00  -4.46508e+00  -3.58891e+00  -1.86165e+00   2.59480e-01
   1.00000e-03   7.31187e-01   2.64517e+00   4.09927e+00   4.76376e+00   4.69640e+00   4.16147e+00   3.42126e+00   2.64901e+00   1.92917e+00   1.28603e+00   7.11998e-01   1.86176e-01  -3.16832e-01  -8.23883e-01  -1.36301e+00  -1.96447e+00  -2.66314e+00  -3.50106e+00  -4.52788e+00  -5.79497e+00  -7.34571e+00  -9.20714e+00  -1.13794e+01  -1.38126e+01  -1.63563e+01  -1.86674e+01  -2.00959e+01  -1.96479e+01  -1.62282e+01  -9.34692e+00  -1.94596e-03   9.34329e+00   1.62256e+01   1.96458e+01   2.00943e+01   1.86665e+01   1.63558e+01   1.38122e+01   1.13792e+01   9.20701e+00   7.34571e+00   5.79493e+00   4.52788e+00   3.50108e+00   2.66315e+00   1.96449e+00   1.36303e+00   8.23929e-01   3.16885e-01  -1.86101e-01  -7.11909e-01  -1.28592e+00  -1.92904e+00  -2.64882e+00  -3.42097e+00  -4.16105e+00  -4.69576e+00  -4.76285e+00  -4.09803e+00  -2.64363e+00  -7.29617e-01
   5.00000e-04   1.28505e+00   3.09054e+00   4.40350e+00   4.95422e+00   4.81126e+00   4.22774e+00   3.45617e+00   2.66405e+00   1.93171e+00   1.28053e+00   7.01153e-01   1.71581e-01  -3.34322e-01  -8.43892e-01  -1.38540e+00  -1.98915e+00  -2.68967e+00  -3.52836e+00  -4.55405e+00  -5.81849e+00  -7.36674e+00  -9.22650e+00  -1.13950e+01  -1.38128e+01  -1.63127e+01  -1.85316e+01  -1.98119e+01  -1.91968e+01  -1.57004e+01  -8.96978e+00  -7.90639e-04   8.96799e+00   1.56989e+01   1.91958e+01   1.98111e+01   1.85310e+01   1.63124e+01   1.38127e+01   1.13948e+01   9.22646e+00   7.36672e+00   5.81845e+00   4.55404e+00   3.52836e+00   2.68968e+00   1.98916e+00   1.38542e+00   8.43917e-01   3.34350e-01  -1.71546e-01  -7.01112e-01  -1.28048e+00  -1.93164e+00  -2.66394e+00  -3.45604e+00  -4.22751e+00  -4.81092e+00  -4.95371e+00  -4.40288e+00  -3.08980e+00  -1.28430e+00
   0.00000e+00   1.46336e+00   3.23504e+00   4.50442e+00   5.01930e+00   4.85176e+00   4.25189e+00   3.46938e+00   2.67007e+00   1.93313e+00   1.27901e+00   6.97705e-01   1.66805e-01  -3.40101e-01  -8.50527e-01  -1.39283e+00  -1.99730e+00  -2.69842e+00  -3.53739e+00  -4.56286e+00  -5.82661e+00  -7.37424e+00  -9.23359e+00  -1.14008e+01  -1.38137e+01  -1.62993e+01  -1.84882e+01  -1.97212e+01  -1.90535e+01  -1.55337e+01  -8.85145e+00   0.00000e+00   8.85145e+00   1.55337e+01   1.90535e+01   1.97212e+01   1.84882e+01   1.62994e+01   1.38136e+01   1.14008e+01   9.23359e+00   7.37420e+00   5.82661e+00   4.56287e+00   3.53738e+00   2.69842e+00   1.99730e+00   1.39283e+00   8.50527e-01   3.40101e-01  -1.66805e-01  -6.97705e-01  -1.27901e+00  -1.93313e+00  -2.67007e+00  -3.46938e+00  -4.25189e+00  -4.85176e+00  -5.01930e+00  -4.50442e+00  -3.23500e+00  -1.46336e+00
  -5.00000e-04   1.28430e+00   3.08980e+00   4.40288e+00   4.95375e+00   4.81092e+00   4.22753e+00   3.45604e+00   2.66394e+00   1.93164e+00   1.28048e+00   7.01112e-01   1.71545e-01  -3.34352e-01  -8.43917e-01  -1.38542e+00  -1.98916e+00  -2.68968e+00  -3.52836e+00  -4.55405e+00  -5.81844e+00  -7.36672e+00  -9.22646e+00  -1.13948e+01  -1.38127e+01  -1.63124e+01  -1.85310e+01  -1.98111e+01  -1.91958e+01  -1.56989e+01  -8.96799e+00   7.90639e-04   8.96978e+00   1.57004e+01   1.91968e+01   1.98119e+01   1.85316e+01   1.63127e+01   1.38128e+01   1.13950e+01   9.22650e+00   7.36674e+00   5.81850e+00   4.55405e+00   3.52836e+00   2.68967e+00   1.98914e+00   1.38540e+00   8.43893e-01   3.34322e-01  -1.71581e-01  -7.01151e-01  -1.28053e+00  -1.93171e+00  -2.66404e+00  -3.45617e+00  -4.22774e+00  -4.81126e+00  -4.95422e+00  -4.40350e+00  -3.09054e+00  -1.28505e+00
  -1.00000e-03   7.29617e-01   2.64366e+00   4.09799e+00   4.76283e+00   4.69575e+00   4.16107e+00   3.42097e+00   2.64881e+00   1.92905e+00   1.28592e+00   7.11902e-01   1.86108e-01  -3.16885e-01  -8.23932e-01  -1.36304e+00  -1.96449e+00  -2.66314e+00  -3.50108e+00  -4.52788e+00  -5.79493e+00  -7.34571e+00  -9.20700e+00  -1.13792e+01  -1.38122e+01  -1.63558e+01  -1.86665e+01  -2.00943e+01  -1.96458e+01  -1.62256e+01  -9.34329e+00   1.94595e-03   9.34692e+00   1.62282e+01   1.96479e+01   2.00959e+01   1.86674e+01   1.63563e+01   1.38126e+01   1.13794e+01   9.20710e+00   7.34574e+00   5.79497e+00   4.52789e+00   3.50107e+00   2.66313e+00   1.96446e+00   1.36301e+00   8.23885e-01   3.16832e-01  -1.86176e-01  -7.11991e-01  -1.28604e+00  -1.92917e+00  -2.64900e+00  -3.42126e+00  -4.16148e+00  -4.69641e+00  -4.76379e+00  -4.09927e+00  -2.64517e+00  -7.31187e-01
  -1.50000e-03  -2.59483e-01   1.86165e+00   3.58891e+00   4.46508e+00   4.52905e+00   4.07243e+00   3.37894e+00   2.63405e+00   1.93060e+00   1.29815e+00   7.31612e-01   2.11341e-01  -2.87203e-01  -7.90178e-01  -1.32523e+00  -1.92257e+00  -2.61778e+00  -3.45475e+00  -4.48500e+00  -5.75906e+00  -7.31593e+00  -9.18079e+00  -1.13597e+01  -1.38194e+01  -1.64397e+01  -1.89146e+01  -2.06095e+01  -2.04719e+01  -1.72099e+01  -1.00577e+01   3.01245e-03   1.00634e+01   1.72143e+01   2.04752e+01   2.06117e+01   1.89160e+01   1.64406e+01   1.38200e+01   1.13600e+01   9.18095e+00   7.31603e+00   5.75908e+00   4.48501e+00   3.45474e+00   2.61775e+00   1.92252e+00   1.32516e+00   7.90122e-01   2.87107e-01  -2.11443e-01  -7.31756e-01  -1.29830e+00  -1.93079e+00  -2.63432e+00  -3.37934e+00  -4.07306e+00  -4.53002e+00  -4.46647e+00  -3.59081e+00  -1.86398e+00   2.57149e-01
  -2.00000e-03  -1.79914e+00   6.79280e-01   2.88252e+00   4.10103e+00   4.35445e+00   3.99729e+00   3.35519e+00   2.63493e+00   1.94432e+00   1.32126e+00   7.62488e-01   2.48610e-01  -2.44491e-01  -7.42184e-01  -1.27133e+00  -1.86211e+00  -2.55154e+00  -3.38737e+00  -4.42619e+00  -5.71611e+00  -7.28588e+00  -9.15698e+00  -1.13457e+01  -1.38447e+01  -1.65807e+01  -1.93086e+01  -2.14245e+01  -2.18010e+01  -1.88421e+01  -1.12778e+01   4.20592e-03   1.12854e+01   1.88484e+01   2.18053e+01   2.14273e+01   1.93105e+01   1.65819e+01   1.38454e+01   1.13461e+01   9.15717e+00   7.28597e+00   5.71612e+00   4.42615e+00   3.38737e+00   2.55149e+00   1.86208e+00   1.27126e+00   7.42061e-01   2.44362e-01  -2.48715e-01  -7.62676e-01  -1.32145e+00  -1.94454e+00  -2.63522e+00  -3.35565e+00  -3.99806e+00  -4.35568e+00  -4.10294e+00  -2.88514e+00  -6.82491e-01   1.79587e+00
  -2.50000e-03  -4.09892e+00  -1.00790e+00   2.01312e+00   3.75151e+00   4.24470e+00   3.98995e+00   3.38620e+00   2.67173e+00   1.97962e+00   1.35977e+00   8.07246e-01   2.99438e-01  -1.87914e-01  -6.79306e-01  -1.20068e+00  -1.78155e+00  -2.46083e+00  -3.29456e+00  -4.35151e+00  -5.67470e+00  -7.26872e+00  -9.14873e+00  -1.13491e+01  -1.38995e+01  -1.67970e+01  -1.98939e+01  -2.26394e+01  -2.38343e+01  -2.14592e+01  -1.33242e+01   5.59828e-03   1.33342e+01   2.14668e+01   2.38400e+01   2.26425e+01   1.98961e+01   1.67984e+01   1.39003e+01   1.13497e+01   9.14886e+00   7.26885e+00   5.67476e+00   4.35148e+00   3.29451e+00   2.46078e+00   1.78147e+00   1.20056e+00   6.79172e-01   1.87734e-01  -2.99625e-01  -8.07442e-01  -1.36002e+00  -1.97986e+00  -2.67211e+00  -3.38673e+00  -3.99086e+00  -4.24626e+00  -3.75377e+00  -2.01643e+00   1.00365e+00   4.09458e+00
  -3.00000e-03  -7.54286e+00  -3.35868e+00   1.09001e+00   3.56830e+00   4.31232e+00   4.12613e+00   3.52081e+00   2.76834e+00   2.04465e+00   1.41777e+00   8.68612e-01   3.65822e-01  -1.16432e-01  -6.01320e-01  -1.11282e+00  -1.67907e+00  -2.34017e+00  -3.16672e+00  -4.25880e+00  -5.64943e+00  -7.28417e+00  -9.17269e+00  -1.13837e+01  -1.39931e+01  -1.71024e+01  -2.07238e+01  -2.43881e+01  -2.68693e+01  -2.56392e+01  -1.68252e+01   7.29983e-03   1.68381e+01   2.56486e+01   2.68756e+01   2.43918e+01   2.07262e+01   1.71039e+01   1.39941e+01   1.13841e+01   9.17299e+00   7.28421e+00   5.64952e+00   4.25875e+00   3.16665e+00   2.34011e+00   1.67903e+00   1.11272e+00   6.01110e-01   1.16260e-01  -3.66046e-01  -8.68889e-01  -1.41792e+00  -2.04500e+00  -2.76878e+00  -3.52130e+00  -4.12700e+00  -4.31386e+00  -3.57083e+00  -1.09412e+00   3.35315e+00   7.53715e+00
  -3.50000e-03  -1.28809e+01  -6.59447e+00   4.15767e-01   3.82188e+00   4.71698e+00   4.50310e+00   3.82178e+00   2.94851e+00   2.14194e+00   1.49693e+00   9.49355e-01   4.49541e-01  -2.93721e-02  -5.08264e-01  -1.00840e+00  -1.55364e+00  -2.18192e+00  -2.98419e+00  -4.13952e+00  -5.66674e+00  -7.36118e+00  -9.24943e+00  -1.14632e+01  -1.41276e+01  -1.74909e+01  -2.18553e+01  -2.68338e+01  -3.13075e+01  -3.23686e+01  -2.30679e+01   9.49363e-03   2.30841e+01   3.23791e+01   3.13141e+01   2.68375e+01   2.18577e+01   1.74924e+01   1.41286e+01   1.14637e+01   9.24960e+00   7.36118e+00   5.66671e+00   4.13940e+00   2.98418e+00   2.18189e+00   1.55359e+00   1.00822e+00   5.08069e-01   2.91143e-02  -4.49750e-01  -9.49569e-01  -1.49726e+00  -2.14223e+00  -2.94893e+00  -3.82234e+00  -4.50390e+00  -4.71845e+00  -3.82461e+00  -4.20606e-01   6.58727e+00   1.28737e+01
  -4.00000e-03  -2.17411e+01  -1.09189e+01   7.61091e-01   4.95292e+00   5.66176e+00   5.23334e+00   4.37232e+00   3.22827e+00   2.25862e+00   1.59746e+00   1.05264e+00   5.52679e-01   7.39165e-02  -4.01169e-01  -8.89371e-01  -1.40689e+00  -1.97869e+00  -2.70741e+00  -3.96601e+00  -5.78332e+00  -7.54091e+00  -9.40040e+00  -1.16041e+01  -1.42948e+01  -1.79032e+01  -2.33482e+01  -3.01555e+01  -3.76110e+01  -4.32745e+01  -3.48946e+01   1.29834e-02   3.49144e+01   4.32862e+01   3.76176e+01   3.01590e+01   2.33505e+01   1.79046e+01   1.42957e+01   1.16046e+01   9.40068e+00   7.54074e+00   5.78305e+00   3.96614e+00   2.70746e+00   1.97879e+00   1.40665e+00   8.89221e-01   4.01002e-01  -7.41545e-02  -5.53042e-01  -1.05289e+00  -1.59764e+00  -2.25893e+00  -3.22854e+00  -4.37268e+00  -5.23413e+00  -5.66313e+00  -4.95576e+00  -7.66727e-01   1.09096e+01   2.17312e+01
  -4.50000e-03  -3.82189e+01  -1.57875e+01   3.91738e+00   7.57192e+00   7.36009e+00   6.42474e+00   5.29900e+00   3.59211e+00   2.35480e+00   1.71985e+00   1.18307e+00   6.78110e-01   1.93679e-01  -2.81828e-01  -7.59585e-01  -1.24535e+00  -1.73168e+00  -2.26638e+00  -3.64627e+00  -6.13856e+00  -7.87203e+00  -9.64447e+00  -1.18269e+01  -1.44870e+01  -1.81296e+01  -2.53093e+01  -3.45133e+01  -4.61276e+01  -6.07522e+01  -5.93748e+01   1.72139e-02   5.93994e+01   6.07642e+01   4.61340e+01   3.45167e+01   2.53108e+01   1.81310e+01   1.44880e+01   1.18274e+01   9.64454e+00   7.87189e+00   6.13820e+00   3.64628e+00   2.26667e+00   1.73168e+00   1.24521e+00   7.59475e-01   2.81560e-01  -1.94092e-01  -6.78381e-01  -1.18334e+00  -1.72026e+00  -2.35507e+00  -3.59255e+00  -5.29920e+00  -6.42518e+00  -7.36094e+00  -7.57440e+00  -3.92292e+00   1.57753e+01   3.82055e+01
  -5.00000e-03  -7.45058e+01  -1.38610e+01   1.31924e+01   1.22734e+01   9.96356e+00   8.13624e+00   6.82835e+00   3.86330e+00   2.36916e+00   1.87770e+00   1.34945e+00   8.29159e-01   3.30652e-01  -1.51849e-01  -6.25183e-01  -1.08211e+00  -1.46647e+00  -1.59438e+00  -2.75002e+00  -7.09177e+00  -8.37719e+00  -9.98526e+00  -1.21611e+01  -1.47570e+01  -1.75032e+01  -2.82673e+01  -3.99562e+01  -5.66915e+01  -8.69354e+01  -1.18828e+02   2.41458e-02   1.18857e+02   8.69467e+01   5.66967e+01   3.99588e+01   2.82683e+01   1.75047e+01   1.47578e+01   1.21613e+01   9.98532e+00   8.37677e+00   7.09110e+00   2.74984e+00   1.59488e+00   1.46648e+00   1.08202e+00   6.25202e-01   1.51696e-01  -3.30650e-01  -8.29623e-01  -1.34990e+00  -1.87816e+00  -2.36964e+00  -3.86375e+00  -6.82831e+00  -8.13669e+00  -9.96389e+00  -1.22748e+01  -1.31968e+01   1.38446e+01   7.44870e+01
  -5.50000e-03  -1.55761e+02   5.89418e+01   3.12900e+01   1.91874e+01   1.34959e+01   1.03484e+01   9.14680e+00   1.61872e+00   2.38100e+00   2.11764e+00   1.57279e+00   1.01915e+00   4.94131e-01  -4.71520e-03  -4.82619e-01  -9.23741e-01  -1.23193e+00  -8.72433e-01   3.21876e+00  -9.10638e+00  -8.98001e+00  -1.03955e+01  -1.26176e+01  -1.53010e+01  -1.49023e+01  -3.55780e+01  -4.60840e+01  -6.80568e+01  -1.18817e+02  -2.99288e+02   2.78167e-02   2.99312e+02   1.18824e+02   6.80597e+01   4.60856e+01   3.55775e+01   1.49045e+01   1.53022e+01   1.26179e+01   1.03952e+01   8.97996e+00   9.10525e+00  -3.21774e+00   8.72911e-01   1.23210e+00   9.23790e-01   4.82091e-01   4.34639e-03  -4.94495e-01  -1.01950e+00  -1.57294e+00  -2.11779e+00  -2.38139e+00  -1.61988e+00  -9.14642e+00  -1.03483e+01  -1.34960e+01  -1.91875e+01  -3.12916e+01  -5.89549e+01   1.55740e+02
  -6.00000e-03  -1.27738e+02   2.16529e+02   5.41570e+01   2.77142e+01   1.75950e+01   1.25430e+01   1.03785e+01   2.50180e+00   2.60008e+00   2.16069e+00   1.53125e+00   9.28100e-01   3.67577e-01  -1.65282e-01  -6.84520e-01  -1.18926e+00  -1.61850e+00  -1.62959e+00  -2.42691e+00  -1.10382e+01  -1.08216e+01  -1.26154e+01  -1.54847e+01  -1.94057e+01  -2.47108e+01  -4.99611e+01  -6.02036e+01  -8.95767e+01  -1.59946e+02  -4.64876e+02  -3.83981e-03   4.64860e+02   1.59948e+02   8.95781e+01   6.02040e+01   4.99603e+01   2.47127e+01   1.94064e+01   1.54849e+01   1.26151e+01   1.08212e+01   1.10372e+01   2.42833e+00   1.62996e+00   1.61841e+00   1.18921e+00   6.84591e-01   1.65180e-01  -3.67669e-01  -9.28501e-01  -1.53178e+00  -2.16119e+00  -2.60045e+00  -2.50257e+00  -1.03778e+01  -1.25422e+01  -1.75944e+01  -2.77129e+01  -5.41540e+01  -2.16512e+02   1.27741e+02
  -6.50000e-03  -4.95612e+01   1.64115e+02   6.52565e+01   3.36828e+01   2.06308e+01   1.40596e+01   1.04169e+01   5.74703e+00   3.35828e+00   2.44856e+00   1.68589e+00   1.01706e+00   4.13710e-01  -1.54250e-01  -7.13955e-01  -1.28378e+00  -1.87097e+00  -2.57545e+00  -5.31908e+00  -1.01043e+01  -1.10734e+01  -1.31755e+01  -1.64698e+01  -2.14107e+01  -3.06916e+01  -4.87794e+01  -6.45671e+01  -9.61118e+01  -1.63880e+02  -3.25646e+02  -9.72740e-03   3.25629e+02   1.63876e+02   9.60556e+01   6.45669e+01   4.87787e+01   3.06921e+01   2.14111e+01   1.64699e+01   1.31753e+01   1.10729e+01   1.01037e+01   5.31939e+00   2.57548e+00   1.87098e+00   1.28357e+00   7.14037e-01   1.54326e-01  -4.14111e-01  -1.01727e+00  -1.68604e+00  -2.44848e+00  -3.35830e+00  -5.74652e+00  -1.04159e+01  -1.40585e+01  -2.06291e+01  -3.36797e+01  -6.52505e+01  -1.64098e+02   4.95713e+01
  -7.00000e-03  -2.45112e+01   1.25760e+02   6.77775e+01   3.77072e+01   2.30641e+01   1.53108e+01   1.06491e+01   6.56733e+00   4.08185e+00   2.77492e+00   1.86210e+00   1.11944e+00   4.68591e-01  -1.39665e-01  -7.45587e-01  -1.39044e+00  -2.14788e+00  -3.31588e+00  -5.44935e+00  -9.30173e+00  -1.11754e+01  -1.36598e+01  -1.73665e+01  -2.30563e+01  -3.26520e+01  -4.84115e+01  -6.67509e+01  -9.78954e+01  -1.54253e+02  -2.50103e+02  -7.36353e-03   2.50090e+02   1.54248e+02   9.78381e+01   6.67498e+01   4.84110e+01   3.26523e+01   2.30563e+01   1.73666e+01   1.36595e+01   1.11752e+01   9.30133e+00   5.44950e+00   3.31588e+00   2.14802e+00   1.39021e+00   7.45330e-01   1.39413e-01  -4.68647e-01  -1.11928e+00  -1.86238e+00  -2.77511e+00  -4.08171e+00  -6.56698e+00  -1.06480e+01  -1.53095e+01  -2.30616e+01  -3.77030e+01  -6.77700e+01  -1.25747e+02   2.45196e+01
  -7.50000e-03  -1.31858e+01   1.08540e+02   6.68044e+01   3.98096e+01   2.46516e+01   1.61776e+01   1.09768e+01   7.06515e+00   4.61107e+00   3.07253e+00   2.02800e+00   1.21288e+00   5.13397e-01  -1.36302e-01  -7.91603e-01  -1.51366e+00  -2.41353e+00  -3.78415e+00  -5.49013e+00  -8.91073e+00  -1.12343e+01  -1.40766e+01  -1.81423e+01  -2.42719e+01  -3.36903e+01  -4.85526e+01  -6.73238e+01  -9.63439e+01  -1.41048e+02  -2.08081e+02  -5.04973e-03   2.08069e+02   1.41042e+02   9.62862e+01   6.73225e+01   4.85519e+01   3.36900e+01   2.42721e+01   1.81421e+01   1.40766e+01   1.12340e+01   8.91028e+00   5.49007e+00   3.78422e+00   2.41377e+00   1.51338e+00   7.91502e-01   1.36216e-01  -5.13618e-01  -1.21287e+00  -2.02808e+00  -3.07266e+00  -4.61080e+00  -7.06452e+00  -1.09758e+01  -1.61759e+01  -2.46490e+01  -3.98047e+01  -6.67962e+01  -1.08528e+02   1.31933e+01
# Vertical Kick [micro-rad]
START
                -3.00000e-02  -2.90000e-02  -2.80000e-02  -2.70000e-02  -2.60000e-02  -2.50000e-02  -2.40000e-02  -2.30000e-02  -2.20000e-02  -2.10000e-02  -2.00000e-02  -1.90000e-02  -1.80000e-02  -1.70000e-02  -1.60000e-02  -1.50000e-02  -1.40000e-02  -1.30000e-02  -1.20000e-02  -1.10000e-02  -1.00000e-02  -9.00000e-03  -8.00000e-03  -7.00000e-03  -6.00000e-03  -5.00000e-03  -4.00000e-03  -3.00000e-03  -2.00000e-03  -1.00000e-03   0.00000e+00   1.00000e-03   2.00000e-03   3.00000e-03   4.00000e-03   5.00000e-03   6.00000e-03   7.00000e-03   8.00000e-03   9.00000e-03   1.00000e-02   1.10000e-02   1.20000e-02   1.30000e-02   1.40000e-02   1.50000e-02   1.60000e-02   1.70000e-02   1.80000e-02   1.90000e-02   2.00000e-02   2.10000e-02   2.20000e-02   2.30000e-02   2.40000e-02   2.50000e-02   2.60000e-02   2.70000e-02   2.80000e-02   2.90000e-02   3.00000e-02
   7.50000e-03   2.94585e+01  -1.15870e+01  -2.32135e+01  -2.24618e+01  -1.99030e+01  -1.81225e+01  -1.72228e+01  -1.65286e+01  -1.56331e+01  -1.49312e+01  -1.45190e+01  -1.42844e+01  -1.41622e+01  -1.41268e+01  -1.41803e+01  -1.43544e+01  -1.47217e+01  -1.53603e+01  -1.58895e+01  -1.55584e+01  -1.53406e+01  -1.57928e+01  -1.68740e+01  -1.86148e+01  -2.06097e+01  -2.15225e+01  -2.16943e+01  -1.96952e+01  -5.79398e+00   4.02217e+01   1.01231e+02   4.02170e+01  -5.80045e+00  -1.97006e+01  -2.16988e+01  -2.15260e+01  -2.06123e+01  -1.86171e+01  -1.68753e+01  -1.57945e+01  -1.53424e+01  -1.55601e+01  -1.58910e+01  -1.53617e+01  -1.47227e+01  -1.43557e+01  -1.41817e+01  -1.41279e+01  -1.41637e+01  -1.42858e+01  -1.45204e+01  -1.49329e+01  -1.56348e+01  -1.65305e+01  -1.72249e+01  -1.81245e+01  -1.99057e+01  -2.24654e+01  -2.32185e+01  -1.15908e+01   2.94553e+01
   7.00000e-03   4.08057e+01  -1.23587e+01  -3.26588e+01  -2.79374e+01  -2.28070e+01  -1.97469e+01  -1.84027e+01  -1.76567e+01  -1.62084e+01  -1.52926e+01  -1.48168e+01  -1.45501e+01  -1.44022e+01  -1.43418e+01  -1.43687e+01  -1.45163e+01  -1.48892e+01  -1.57398e+01  -1.67494e+01  -1.57601e+01  -1.52957e+01  -1.58345e+01  -1.71065e+01  -1.93429e+01  -2.24903e+01  -2.34255e+01  -2.48773e+01  -2.68283e+01  -1.76470e+01   4.52401e+01   1.44733e+02   4.52328e+01  -1.76554e+01  -2.68351e+01  -2.48824e+01  -2.34296e+01  -2.24934e+01  -1.93457e+01  -1.71082e+01  -1.58361e+01  -1.52974e+01  -1.57620e+01  -1.67518e+01  -1.57416e+01  -1.48905e+01  -1.45178e+01  -1.43700e+01  -1.43430e+01  -1.44035e+01  -1.45513e+01  -1.48183e+01  -1.52941e+01  -1.62104e+01  -1.76589e+01  -1.84052e+01  -1.97497e+01  -2.28102e+01  -2.79421e+01  -3.26650e+01  -1.23645e+01   4.08051e+01
   6.50000e-03   6.10276e+01  -2.13087e+01  -4.17992e+01  -2.96091e+01  -2.19367e+01  -1.78318e+01  -1.62090e+01  -1.62018e+01  -1.36300e+01  -1.26216e+01  -1.21486e+01  -1.18801e+01  -1.17238e+01  -1.16492e+01  -1.16526e+01  -1.17647e+01  -1.20961e+01  -1.31045e+01  -1.56614e+01  -1.27239e+01  -1.21880e+01  -1.28888e+01  -1.43081e+01  -1.69567e+01  -2.22866e+01  -2.16726e+01  -2.48157e+01  -3.23825e+01  -3.53623e+01   4.33828e+01   2.06770e+02   4.33669e+01  -3.53736e+01  -3.23897e+01  -2.48198e+01  -2.16764e+01  -2.22895e+01  -1.69583e+01  -1.43093e+01  -1.28897e+01  -1.21892e+01  -1.27251e+01  -1.56632e+01  -1.31057e+01  -1.20968e+01  -1.17655e+01  -1.16537e+01  -1.16497e+01  -1.17247e+01  -1.18805e+01  -1.21496e+01  -1.26230e+01  -1.36313e+01  -1.62038e+01  -1.62108e+01  -1.78342e+01  -2.19400e+01  -2.96144e+01  -4.18074e+01  -2.13189e+01   6.10327e+01
   6.00000e-03   6.87106e+01  -6.01888e+01  -1.12872e+01   1.01439e+01   1.94795e+01   2.39373e+01   2.57215e+01   2.15511e+01   2.75576e+01   2.82822e+01   2.85907e+01   2.87366e+01   2.87895e+01   2.87717e+01   2.86826e+01   2.84944e+01   2.81120e+01   2.70930e+01   1.75680e+01   2.86589e+01   2.84408e+01   2.74703e+01   2.58036e+01   2.27237e+01   1.36536e+01   2.05330e+01   1.19083e+01  -2.93323e+00  -2.77300e+01  -1.97035e+01   1.14190e+02  -1.97297e+01  -2.77317e+01  -2.92886e+00   1.19160e+01   2.05409e+01   1.36621e+01   2.27337e+01   2.58138e+01   2.74807e+01   2.84510e+01   2.86688e+01   1.75757e+01   2.71029e+01   2.81218e+01   2.85040e+01   2.86925e+01   2.87817e+01   2.87990e+01   2.87462e+01   2.85999e+01   2.82915e+01   2.75664e+01   2.15582e+01   2.57292e+01   2.39444e+01   1.94855e+01   1.01475e+01  -1.12887e+01  -6.02058e+01   6.87295e+01
   5.50000e-03  -4.04902e+01  -2.88902e+02  -1.65627e+02  -1.39503e+02  -1.28245e+02  -1.21962e+02  -1.17376e+02  -1.09359e+02  -1.13706e+02  -1.13132e+02  -1.12532e+02  -1.12025e+02  -1.11598e+02  -1.11226e+02  -1.10884e+02  -1.10543e+02  -1.10150e+02  -1.09476e+02  -1.00979e+02  -1.07836e+02  -1.10047e+02  -1.10989e+02  -1.11845e+02  -1.13002e+02  -1.13805e+02  -1.09330e+02  -1.23191e+02  -1.38978e+02  -1.75441e+02  -3.59053e+02  -4.10829e+02  -3.59117e+02  -1.75481e+02  -1.39012e+02  -1.23221e+02  -1.09358e+02  -1.13832e+02  -1.13029e+02  -1.11872e+02  -1.11016e+02  -1.10073e+02  -1.07862e+02  -1.01003e+02  -1.09502e+02  -1.10175e+02  -1.10569e+02  -1.10910e+02  -1.11251e+02  -1.11623e+02  -1.12050e+02  -1.12556e+02  -1.13157e+02  -1.13731e+02  -1.09383e+02  -1.17400e+02  -1.21987e+02  -1.28271e+02  -1.39531e+02  -1.65660e+02  -2.88953e+02  -4.04769e+01
   5.00000e-03  -6.68977e+01  -1.47932e+02  -1.08928e+02  -9.08894e+01  -8.24047e+01  -7.75482e+01  -7.38538e+01  -7.07547e+01  -7.13841e+01  -7.11460e+01  -7.07593e+01  -7.04035e+01  -7.00920e+01  -6.98116e+01  -6.95434e+01  -6.92544e+01  -6.88621e+01  -6.79888e+01  -6.48728e+01  -6.63922e+01  -6.82489e+01  -6.91527e+01  -6.99170e+01  -7.07396e+01  -7.02600e+01  -7.05389e+01  -8.06949e+01  -9.67842e+01  -1.34107e+02  -2.53413e+02  -3.39736e+02  -2.53445e+02  -1.34135e+02  -9.68075e+01  -8.07156e+01  -7.05580e+01  -7.02786e+01  -7.07583e+01  -6.99358e+01  -6.91711e+01  -6.82673e+01  -6.64101e+01  -6.48900e+01  -6.80066e+01  -6.88797e+01  -6.92722e+01  -6.95611e+01  -6.98293e+01  -7.01094e+01  -7.04211e+01  -7.07770e+01  -7.11632e+01  -7.14013e+01  -7.07717e+01  -7.38713e+01  -7.75663e+01  -8.24237e+01  -9.09100e+01  -1.08952e+02  -1.47957e+02  -6.69003e+01
   4.50000e-03  -5.37989e+01  -8.86461e+01  -8.21605e+01  -7.28750e+01  -6.73168e+01  -6.38326e+01  -6.12322e+01  -5.95159e+01  -5.92706e+01  -5.90594e+01  -5.87698e+01  -5.84848e+01  -5.82199e+01  -5.79682e+01  -5.77132e+01  -5.74215e+01  -5.70123e+01  -5.62424e+01  -5.49383e+01  -5.52585e+01  -5.62991e+01  -5.69870e+01  -5.75436e+01  -5.80604e+01  -5.81947e+01  -5.99083e+01  -6.71461e+01  -8.09563e+01  -1.10444e+02  -1.71665e+02  -2.12375e+02  -1.71684e+02  -1.10465e+02  -8.09766e+01  -6.71650e+01  -5.99263e+01  -5.82119e+01  -5.80778e+01  -5.75609e+01  -5.70043e+01  -5.63161e+01  -5.52753e+01  -5.49546e+01  -5.62586e+01  -5.70288e+01  -5.74384e+01  -5.77301e+01  -5.79848e+01  -5.82364e+01  -5.85012e+01  -5.87863e+01  -5.90757e+01  -5.92868e+01  -5.95320e+01  -6.12485e+01  -6.38494e+01  -6.73343e+01  -7.28935e+01  -8.21802e+01  -8.86635e+01  -5.38057e+01
   4.00000e-03  -4.16067e+01  -6.01681e+01  -6.21515e+01  -5.86334e+01  -5.55737e+01  -5.33721e+01  -5.17110e+01  -5.06439e+01  -5.02617e+01  -5.00447e+01  -4.98161e+01  -4.95858e+01  -4.93608e+01  -4.91370e+01  -4.89002e+01  -4.86238e+01  -4.82508e+01  -4.76802e+01  -4.70211e+01  -4.70397e+01  -4.75371e+01  -4.79768e+01  -4.83439e+01  -4.86994e+01  -4.91559e+01  -5.10042e+01  -5.64152e+01  -6.72104e+01  -8.79078e+01  -1.20423e+02  -1.39419e+02  -1.20435e+02  -8.79251e+01  -6.72285e+01  -5.64325e+01  -5.10208e+01  -4.91726e+01  -4.87160e+01  -4.83602e+01  -4.79932e+01  -4.75533e+01  -4.70558e+01  -4.70371e+01  -4.76962e+01  -4.82668e+01  -4.86399e+01  -4.89162e+01  -4.91529e+01  -4.93768e+01  -4.96018e+01  -4.98322e+01  -5.00603e+01  -5.02776e+01  -5.06595e+01  -5.17269e+01  -5.33883e+01  -5.55903e+01  -5.86503e+01  -6.21686e+01  -6.01824e+01  -4.16147e+01
   3.50000e-03  -3.23633e+01  -4.35686e+01  -4.72253e+01  -4.66758e+01  -4.53723e+01  -4.41947e+01  -4.32417e+01  -4.25982e+01  -4.22811e+01  -4.20892e+01  -4.19082e+01  -4.17235e+01  -4.15355e+01  -4.13409e+01  -4.11297e+01  -4.08837e+01  -4.05705e+01  -4.01627e+01  -3.97685e+01  -3.96898e+01  -3.98884e+01  -4.01230e+01  -4.03365e+01  -4.05828e+01  -4.10828e+01  -4.26771e+01  -4.67214e+01  -5.46841e+01  -6.85003e+01  -8.65995e+01  -9.60980e+01  -8.66088e+01  -6.85144e+01  -5.46996e+01  -4.67377e+01  -4.26930e+01  -4.10987e+01  -4.05986e+01  -4.03524e+01  -4.01392e+01  -3.99044e+01  -3.97056e+01  -3.97842e+01  -4.01784e+01  -4.05861e+01  -4.08993e+01  -4.11455e+01  -4.13565e+01  -4.15510e+01  -4.17390e+01  -4.19237e+01  -4.21044e+01  -4.22962e+01  -4.26135e+01  -4.32571e+01  -4.42102e+01  -4.53880e+01  -4.66915e+01  -4.72403e+01  -4.35810e+01  -3.23716e+01
   3.00000e-03  -2.52201e+01  -3.24972e+01  -3.59821e+01  -3.67121e+01  -3.64678e+01  -3.60060e+01  -3.55512e+01  -3.52073e+01  -3.49984e+01  -3.48531e+01  -3.47149e+01  -3.45695e+01  -3.44158e+01  -3.42515e+01  -3.40705e+01  -3.38616e+01  -3.36101e+01  -3.33156e+01  -3.30475e+01  -3.29345e+01  -3.29762e+01  -3.30672e+01  -3.31650e+01  -3.33188e+01  -3.37365e+01  -3.49802e+01  -3.79378e+01  -4.35949e+01  -5.26432e+01  -6.31371e+01  -6.82270e+01  -6.31444e+01  -5.26549e+01  -4.36085e+01  -3.79526e+01  -3.49955e+01  -3.37518e+01  -3.33343e+01  -3.31805e+01  -3.30828e+01  -3.29916e+01  -3.29500e+01  -3.30629e+01  -3.33309e+01  -3.36254e+01  -3.38769e+01  -3.40858e+01  -3.42667e+01  -3.44309e+01  -3.45846e+01  -3.47300e+01  -3.48681e+01  -3.50134e+01  -3.52222e+01  -3.55662e+01  -3.60209e+01  -3.64827e+01  -3.67265e+01  -3.59957e+01  -3.25085e+01  -2.52285e+01
   2.50000e-03  -1.94792e+01  -2.43944e+01  -2.72604e+01  -2.83986e+01  -2.86973e+01  -2.86726e+01  -2.85397e+01  -2.83997e+01  -2.82895e+01  -2.81944e+01  -2.80943e+01  -2.79832e+01  -2.78610e+01  -2.77270e+01  -2.75778e+01  -2.74078e+01  -2.72116e+01  -2.69955e+01  -2.67985e+01  -2.66786e+01  -2.66422e+01  -2.66447e+01  -2.66632e+01  -2.67401e+01  -2.70405e+01  -2.79471e+01  -3.00491e+01  -3.39610e+01  -3.98436e+01  -4.61238e+01  -4.90056e+01  -4.61292e+01  -3.98535e+01  -3.39731e+01  -3.00627e+01  -2.79616e+01  -2.70551e+01  -2.67551e+01  -2.66782e+01  -2.66598e+01  -2.66573e+01  -2.66937e+01  -2.68135e+01  -2.70105e+01  -2.72266e+01  -2.74229e+01  -2.75928e+01  -2.77419e+01  -2.78760e+01  -2.79981e+01  -2.81091e+01  -2.82091e+01  -2.83041e+01  -2.84143e+01  -2.85541e+01  -2.86870e+01  -2.87114e+01  -2.84122e+01  -2.72729e+01  -2.44051e+01  -1.94875e+01
   2.00000e-03  -1.46841e+01  -1.80413e+01  -2.02364e+01  -2.13650e+01  -2.18685e+01  -2.20634e+01  -2.21110e+01  -2.20955e+01  -2.20566e+01  -2.20036e+01  -2.19359e+01  -2.18545e+01  -2.17611e+01  -2.16563e+01  -2.15389e+01  -2.14066e+01  -2.12582e+01  -2.10996e+01  -2.09512e+01  -2.08401e+01  -2.07720e+01  -2.07285e+01  -2.07003e+01  -2.07216e+01  -2.09138e+01  -2.15374e+01  -2.29818e+01  -2.56180e+01  -2.94104e+01  -3.32379e+01  -3.49299e+01  -3.32432e+01  -2.94190e+01  -2.56292e+01  -2.29946e+01  -2.15513e+01  -2.09280e+01  -2.07362e+01  -2.07149e+01  -2.07433e+01  -2.07869e+01  -2.08550e+01  -2.09661e+01  -2.11145e+01  -2.12731e+01  -2.14214e+01  -2.15537e+01  -2.16710e+01  -2.17758e+01  -2.18692e+01  -2.19505e+01  -2.20180e+01  -2.20710e+01  -2.21098e+01  -2.21252e+01  -2.20774e+01  -2.18821e+01  -2.13779e+01  -2.02483e+01  -1.80515e+01  -1.46922e+01
   1.50000e-03  -1.05306e+01  -1.27737e+01  -1.43464e+01  -1.52743e+01  -1.57777e+01  -1.60372e+01  -1.61586e+01  -1.62032e+01  -1.62055e+01  -1.61817e+01  -1.61394e+01  -1.60832e+01  -1.60159e+01  -1.59391e+01  -1.58525e+01  -1.57558e+01  -1.56491e+01  -1.55365e+01  -1.54279e+01  -1.53361e+01  -1.52648e+01  -1.52069e+01  -1.51598e+01  -1.51491e+01  -1.52589e+01  -1.56616e+01  -1.66086e+01  -1.83176e+01  -2.07040e+01  -2.30250e+01  -2.40258e+01  -2.30294e+01  -2.07120e+01  -1.83281e+01  -1.66207e+01  -1.56749e+01  -1.52727e+01  -1.51633e+01  -1.51743e+01  -1.52214e+01  -1.52795e+01  -1.53508e+01  -1.54426e+01  -1.55512e+01  -1.56638e+01  -1.57704e+01  -1.58671e+01  -1.59536e+01  -1.60305e+01  -1.60976e+01  -1.61538e+01  -1.61960e+01  -1.62197e+01  -1.62173e+01  -1.61725e+01  -1.60508e+01  -1.57908e+01  -1.52868e+01  -1.43577e+01  -1.27834e+01  -1.05386e+01
   1.00000e-03  -6.80331e+00  -8.18482e+00  -9.19514e+00  -9.83970e+00  -1.02254e+01  -1.04478e+01  -1.05679e+01  -1.06242e+01  -1.06414e+01  -1.06340e+01  -1.06103e+01  -1.05753e+01  -1.05320e+01  -1.04816e+01  -1.04248e+01  -1.03615e+01  -1.02925e+01  -1.02197e+01  -1.01479e+01  -1.00827e+01  -1.00262e+01  -9.97593e+00  -9.93198e+00  -9.91110e+00  -9.96592e+00  -1.02024e+01  -1.07700e+01  -1.17898e+01  -1.31879e+01  -1.45163e+01  -1.50806e+01  -1.45201e+01  -1.31951e+01  -1.17998e+01  -1.07818e+01  -1.02151e+01  -9.97956e+00  -9.92506e+00  -9.94630e+00  -9.99038e+00  -1.00407e+01  -1.00973e+01  -1.01625e+01  -1.02343e+01  -1.03070e+01  -1.03760e+01  -1.04392e+01  -1.04960e+01  -1.05463e+01  -1.05896e+01  -1.06245e+01  -1.06482e+01  -1.06555e+01  -1.06381e+01  -1.05816e+01  -1.04612e+01  -1.02383e+01  -9.85180e+00  -9.20611e+00  -8.19439e+00  -6.81123e+00
   5.00000e-04  -3.33750e+00  -3.99673e+00  -4.48981e+00  -4.81749e+00  -5.02345e+00  -5.14839e+00  -5.21972e+00  -5.25581e+00  -5.26922e+00  -5.26816e+00  -5.25773e+00  -5.24102e+00  -5.21978e+00  -5.19489e+00  -5.16674e+00  -5.13551e+00  -5.10155e+00  -5.06576e+00  -5.02992e+00  -4.99609e+00  -4.96533e+00  -4.93679e+00  -4.91094e+00  -4.89630e+00  -4.91797e+00  -5.02649e+00  -5.29183e+00  -5.76784e+00  -6.41409e+00  -7.02071e+00  -7.27654e+00  -7.02449e+00  -6.42102e+00  -5.77751e+00  -5.30320e+00  -5.03897e+00  -4.93138e+00  -4.91008e+00  -4.92514e+00  -4.95110e+00  -4.97973e+00  -5.01058e+00  -5.04437e+00  -5.08022e+00  -5.11601e+00  -5.14995e+00  -5.18114e+00  -5.20926e+00  -5.23409e+00  -5.25527e+00  -5.27190e+00  -5.28223e+00  -5.28318e+00  -5.26963e+00  -5.23331e+00  -5.16164e+00  -5.03614e+00  -4.82936e+00  -4.50063e+00  -4.00610e+00  -3.34530e+00
   0.00000e+00   3.94886e-03   4.69990e-03   5.35874e-03   5.90883e-03   6.31045e-03   6.58199e-03   6.77723e-03   6.88164e-03   6.96842e-03   7.02594e-03   7.07296e-03   7.11057e-03   7.14272e-03   7.16899e-03   7.18886e-03   7.20729e-03   7.21870e-03   7.21174e-03   7.21787e-03   7.21884e-03   7.22365e-03   7.19100e-03   7.05517e-03   6.93651e-03   6.72967e-03   6.14404e-03   5.70241e-03   4.77918e-03   3.49422e-03   1.85866e-03   0.00000e+00  -1.85866e-03  -3.49419e-03  -4.77911e-03  -5.70234e-03  -6.14385e-03  -6.72959e-03  -6.93630e-03  -7.05491e-03  -7.19074e-03  -7.22334e-03  -7.19115e-03  -7.21751e-03  -7.21143e-03  -7.21851e-03  -7.20410e-03  -7.19094e-03  -7.17021e-03  -7.14276e-03  -7.11052e-03  -7.07296e-03  -7.02594e-03  -6.96861e-03  -6.88912e-03  -6.77737e-03  -6.58221e-03  -6.33704e-03  -5.90895e-03  -5.35889e-03  -4.70000e-03  -3.94896e-03
  -5.00000e-04   3.34530e+00   4.00610e+00   4.50063e+00   4.82936e+00   5.03613e+00   5.16163e+00   5.23331e+00   5.26963e+00   5.28319e+00   5.28223e+00   5.27190e+00   5.25527e+00   5.23409e+00   5.20926e+00   5.18115e+00   5.14995e+00   5.11601e+00   5.08022e+00   5.04438e+00   5.01058e+00   4.97971e+00   4.95110e+00   4.92514e+00   4.91008e+00   4.93138e+00   5.03885e+00   5.30320e+00   5.77751e+00   6.42102e+00   7.02449e+00   7.27654e+00   7.02071e+00   6.41409e+00   5.76784e+00   5.29183e+00   5.02649e+00   4.91797e+00   4.89630e+00   4.91099e+00   4.93679e+00   4.96533e+00   4.99609e+00   5.02992e+00   5.06576e+00   5.10155e+00   5.13551e+00   5.16674e+00   5.19489e+00   5.21978e+00   5.24102e+00   5.25773e+00   5.26815e+00   5.26922e+00   5.25581e+00   5.21972e+00   5.14838e+00   5.02345e+00   4.81752e+00   4.48981e+00   3.99669e+00   3.33750e+00
  -1.00000e-03   6.81127e+00   8.19439e+00   9.20611e+00   9.85177e+00   1.02383e+01   1.04612e+01   1.05816e+01   1.06381e+01   1.06555e+01   1.06482e+01   1.06245e+01   1.05896e+01   1.05463e+01   1.04960e+01   1.04392e+01   1.03760e+01   1.03070e+01   1.02343e+01   1.01625e+01   1.00973e+01   1.00407e+01   9.99038e+00   9.94630e+00   9.92506e+00   9.97955e+00   1.02151e+01   1.07818e+01   1.17998e+01   1.31951e+01   1.45201e+01   1.50806e+01   1.45163e+01   1.31879e+01   1.17898e+01   1.07700e+01   1.02024e+01   9.96592e+00   9.91110e+00   9.93199e+00   9.97593e+00   1.00262e+01   1.00827e+01   1.01479e+01   1.02197e+01   1.02925e+01   1.03615e+01   1.04248e+01   1.04816e+01   1.05320e+01   1.05753e+01   1.06103e+01   1.06340e+01   1.06414e+01   1.06243e+01   1.05679e+01   1.04478e+01   1.02254e+01   9.83970e+00   9.19514e+00   8.18478e+00   6.80331e+00
  -1.50000e-03   1.05386e+01   1.27834e+01   1.43577e+01   1.52868e+01   1.57908e+01   1.60508e+01   1.61725e+01   1.62173e+01   1.62197e+01   1.61960e+01   1.61538e+01   1.60976e+01   1.60304e+01   1.59536e+01   1.58671e+01   1.57704e+01   1.56638e+01   1.55512e+01   1.54426e+01   1.53508e+01   1.52795e+01   1.52214e+01   1.51743e+01   1.51633e+01   1.52727e+01   1.56748e+01   1.66207e+01   1.83281e+01   2.07120e+01   2.30294e+01   2.40258e+01   2.30250e+01   2.07040e+01   1.83176e+01   1.66086e+01   1.56616e+01   1.52589e+01   1.51491e+01   1.51598e+01   1.52069e+01   1.52648e+01   1.53361e+01   1.54279e+01   1.55365e+01   1.56491e+01   1.57558e+01   1.58525e+01   1.59391e+01   1.60159e+01   1.60832e+01   1.61394e+01   1.61817e+01   1.62055e+01   1.62032e+01   1.61586e+01   1.60372e+01   1.57777e+01   1.52743e+01   1.43464e+01   1.27737e+01   1.05306e+01
  -2.00000e-03   1.46922e+01   1.80515e+01   2.02483e+01   2.13779e+01   2.18821e+01   2.20774e+01   2.21252e+01   2.21098e+01   2.20710e+01   2.20180e+01   2.19505e+01   2.18692e+01   2.17758e+01   2.16710e+01   2.15537e+01   2.14214e+01   2.12730e+01   2.11145e+01   2.09661e+01   2.08550e+01   2.07868e+01   2.07432e+01   2.07149e+01   2.07362e+01   2.09280e+01   2.15513e+01   2.29946e+01   2.56292e+01   2.94190e+01   3.32432e+01   3.49299e+01   3.32379e+01   2.94104e+01   2.56180e+01   2.29818e+01   2.15374e+01   2.09138e+01   2.07216e+01   2.07003e+01   2.07285e+01   2.07720e+01   2.08401e+01   2.09512e+01   2.10996e+01   2.12582e+01   2.14066e+01   2.15389e+01   2.16563e+01   2.17611e+01   2.18545e+01   2.19359e+01   2.20036e+01   2.20566e+01   2.20955e+01   2.21110e+01   2.20634e+01   2.18685e+01   2.13649e+01   2.02364e+01   1.80413e+01   1.46841e+01
  -2.50000e-03   1.94875e+01   2.44051e+01   2.72730e+01   2.84122e+01   2.87114e+01   2.86870e+01   2.85541e+01   2.84143e+01   2.83041e+01   2.82091e+01   2.81091e+01   2.79981e+01   2.78760e+01   2.77419e+01   2.75928e+01   2.74229e+01   2.72267e+01   2.70105e+01   2.68135e+01   2.66937e+01   2.66573e+01   2.66598e+01   2.66781e+01   2.67551e+01   2.70551e+01   2.79616e+01   3.00627e+01   3.39731e+01   3.98534e+01   4.61292e+01   4.90058e+01   4.61238e+01   3.98436e+01   3.39610e+01   3.00492e+01   2.79471e+01   2.70405e+01   2.67401e+01   2.66631e+01   2.66446e+01   2.66422e+01   2.66786e+01   2.67985e+01   2.69955e+01   2.72116e+01   2.74078e+01   2.75778e+01   2.77270e+01   2.78610e+01   2.79832e+01   2.80943e+01   2.81944e+01   2.82894e+01   2.83997e+01   2.85397e+01   2.86726e+01   2.86973e+01   2.83986e+01   2.72604e+01   2.43944e+01   1.94792e+01
  -3.00000e-03   2.52285e+01   3.25085e+01   3.59957e+01   3.67265e+01   3.64827e+01   3.60209e+01   3.55662e+01   3.52222e+01   3.50134e+01   3.48682e+01   3.47300e+01   3.45846e+01   3.44309e+01   3.42667e+01   3.40858e+01   3.38769e+01   3.36254e+01   3.33309e+01   3.30629e+01   3.29500e+01   3.29916e+01   3.30827e+01   3.31805e+01   3.33343e+01   3.37518e+01   3.49955e+01   3.79526e+01   4.36085e+01   5.26549e+01   6.31442e+01   6.82270e+01   6.31371e+01   5.26432e+01   4.35949e+01   3.79378e+01   3.49802e+01   3.37364e+01   3.33188e+01   3.31650e+01   3.30672e+01   3.29762e+01   3.29345e+01   3.30475e+01   3.33156e+01   3.36101e+01   3.38616e+01   3.40705e+01   3.42515e+01   3.44158e+01   3.45695e+01   3.47149e+01   3.48531e+01   3.49984e+01   3.52073e+01   3.55513e+01   3.60060e+01   3.64678e+01   3.67121e+01   3.59821e+01   3.24972e+01   2.52201e+01
  -3.50000e-03   3.23716e+01   4.35811e+01   4.72402e+01   4.66915e+01   4.53880e+01   4.42102e+01   4.32571e+01   4.26135e+01   4.22963e+01   4.21044e+01   4.19237e+01   4.17390e+01   4.15510e+01   4.13565e+01   4.11455e+01   4.08993e+01   4.05862e+01   4.01784e+01   3.97842e+01   3.97056e+01   3.99044e+01   4.01392e+01   4.03524e+01   4.05987e+01   4.10987e+01   4.26930e+01   4.67377e+01   5.46997e+01   6.85142e+01   8.66089e+01   9.60980e+01   8.65995e+01   6.85003e+01   5.46841e+01   4.67214e+01   4.26771e+01   4.10828e+01   4.05828e+01   4.03365e+01   4.01231e+01   3.98885e+01   3.96897e+01   3.97685e+01   4.01627e+01   4.05705e+01   4.08836e+01   4.11297e+01   4.13409e+01   4.15355e+01   4.17235e+01   4.19082e+01   4.20891e+01   4.22811e+01   4.25982e+01   4.32417e+01   4.41947e+01   4.53724e+01   4.66758e+01   4.72252e+01   4.35685e+01   3.23632e+01
  -4.00000e-03   4.16148e+01   6.01823e+01   6.21687e+01   5.86503e+01   5.55903e+01   5.33883e+01   5.17269e+01   5.06595e+01   5.02776e+01   5.00603e+01   4.98322e+01   4.96018e+01   4.93768e+01   4.91529e+01   4.89162e+01   4.86399e+01   4.82667e+01   4.76962e+01   4.70371e+01   4.70559e+01   4.75534e+01   4.79932e+01   4.83602e+01   4.87160e+01   4.91726e+01   5.10208e+01   5.64325e+01   6.72285e+01   8.79251e+01   1.20435e+02   1.39419e+02   1.20423e+02   8.79078e+01   6.72104e+01   5.64150e+01   5.10040e+01   4.91559e+01   4.86994e+01   4.83439e+01   4.79767e+01   4.75370e+01   4.70397e+01   4.70211e+01   4.76802e+01   4.82508e+01   4.86237e+01   4.89001e+01   4.91369e+01   4.93608e+01   4.95858e+01   4.98161e+01   5.00448e+01   5.02617e+01   5.06440e+01   5.17109e+01   5.33721e+01   5.55737e+01   5.86333e+01   6.21515e+01   6.01681e+01   4.16067e+01
  -4.50000e-03   5.38057e+01   8.86636e+01   8.21802e+01   7.28935e+01   6.73343e+01   6.38495e+01   6.12485e+01   5.95320e+01   5.92868e+01   5.90757e+01   5.87863e+01   5.85012e+01   5.82364e+01   5.79848e+01   5.77301e+01   5.74382e+01   5.70288e+01   5.62588e+01   5.49545e+01   5.52753e+01   5.63161e+01   5.70043e+01   5.75609e+01   5.80777e+01   5.82118e+01   5.99263e+01   6.71649e+01   8.09766e+01   1.10465e+02   1.71684e+02   2.12375e+02   1.71665e+02   1.10444e+02   8.09563e+01   6.71461e+01   5.99083e+01   5.81947e+01   5.80605e+01   5.75436e+01   5.69870e+01   5.62991e+01   5.52586e+01   5.49383e+01   5.62423e+01   5.70124e+01   5.74215e+01   5.77132e+01   5.79682e+01   5.82199e+01   5.84848e+01   5.87700e+01   5.90594e+01   5.92704e+01   5.95161e+01   6.12322e+01   6.38326e+01   6.73168e+01   7.28750e+01   8.21605e+01   8.86461e+01   5.37989e+01
  -5.00000e-03   6.69003e+01   1.47957e+02   1.08952e+02   9.09099e+01   8.24237e+01   7.75665e+01   7.38713e+01   7.07717e+01   7.14013e+01   7.11632e+01   7.07768e+01   7.04211e+01   7.01094e+01   6.98293e+01   6.95610e+01   6.92722e+01   6.88797e+01   6.80066e+01   6.48900e+01   6.64101e+01   6.82673e+01   6.91711e+01   6.99358e+01   7.07582e+01   7.02786e+01   7.05579e+01   8.07156e+01   9.68075e+01   1.34135e+02   2.53445e+02   3.39736e+02   2.53413e+02   1.34107e+02   9.67842e+01   8.06949e+01   7.05388e+01   7.02600e+01   7.07397e+01   6.99172e+01   6.91527e+01   6.82489e+01   6.63922e+01   6.48728e+01   6.79888e+01   6.88621e+01   6.92544e+01   6.95434e+01   6.98116e+01   7.00920e+01   7.04035e+01   7.07592e+01   7.11460e+01   7.13842e+01   7.07545e+01   7.38538e+01   7.75484e+01   8.24049e+01   9.08893e+01   1.08928e+02   1.47932e+02   6.68977e+01
  -5.50000e-03   4.04767e+01   2.88953e+02   1.65660e+02   1.39531e+02   1.28271e+02   1.21987e+02   1.17400e+02   1.09383e+02   1.13731e+02   1.13157e+02   1.12556e+02   1.12050e+02   1.11623e+02   1.11251e+02   1.10910e+02   1.10569e+02   1.10176e+02   1.09502e+02   1.01003e+02   1.07862e+02   1.10073e+02   1.11016e+02   1.11872e+02   1.13029e+02   1.13832e+02   1.09358e+02   1.23221e+02   1.39012e+02   1.75481e+02   3.59117e+02   4.10829e+02   3.59053e+02   1.75441e+02   1.38978e+02   1.23191e+02   1.09330e+02   1.13805e+02   1.13002e+02   1.11845e+02   1.10989e+02   1.10046e+02   1.07836e+02   1.00979e+02   1.09476e+02   1.10149e+02   1.10543e+02   1.10884e+02   1.11226e+02   1.11598e+02   1.12025e+02   1.12531e+02   1.13132e+02   1.13706e+02   1.09359e+02   1.17376e+02   1.21962e+02   1.28245e+02   1.39503e+02   1.65627e+02   2.88902e+02   4.04902e+01
  -6.00000e-03  -6.87295e+01   6.02055e+01   1.12886e+01  -1.01475e+01  -1.94857e+01  -2.39444e+01  -2.57294e+01  -2.15584e+01  -2.75665e+01  -2.82913e+01  -2.85999e+01  -2.87462e+01  -2.87990e+01  -2.87817e+01  -2.86927e+01  -2.85042e+01  -2.81220e+01  -2.71029e+01  -1.75757e+01  -2.86688e+01  -2.84510e+01  -2.74806e+01  -2.58138e+01  -2.27336e+01  -1.36623e+01  -2.05409e+01  -1.19161e+01   2.92907e+00   2.77320e+01   1.97295e+01  -1.14190e+02   1.97041e+01   2.77297e+01   2.93339e+00  -1.19083e+01  -2.05330e+01  -1.36536e+01  -2.27235e+01  -2.58038e+01  -2.74703e+01  -2.84407e+01  -2.86591e+01  -1.75679e+01  -2.70928e+01  -2.81120e+01  -2.84944e+01  -2.86826e+01  -2.87717e+01  -2.87893e+01  -2.87367e+01  -2.85907e+01  -2.82822e+01  -2.75575e+01  -2.15511e+01  -2.57216e+01  -2.39373e+01  -1.94796e+01  -1.01437e+01   1.12872e+01   6.01888e+01  -6.87105e+01
  -6.50000e-03  -6.10327e+01   2.13191e+01   4.18080e+01   2.96146e+01   2.19399e+01   1.78344e+01   1.62110e+01   1.62038e+01   1.36313e+01   1.26230e+01   1.21497e+01   1.18808e+01   1.17246e+01   1.16498e+01   1.16537e+01   1.17653e+01   1.20968e+01   1.31057e+01   1.56630e+01   1.27253e+01   1.21889e+01   1.28897e+01   1.43091e+01   1.69583e+01   2.22895e+01   2.16763e+01   2.48202e+01   3.23895e+01   3.53736e+01  -4.33677e+01  -2.06770e+02  -4.33822e+01   3.53621e+01   3.23826e+01   2.48157e+01   2.16726e+01   2.22865e+01   1.69567e+01   1.43082e+01   1.28887e+01   1.21880e+01   1.27239e+01   1.56612e+01   1.31047e+01   1.20962e+01   1.17649e+01   1.16529e+01   1.16490e+01   1.17238e+01   1.18800e+01   1.21488e+01   1.26217e+01   1.36299e+01   1.62017e+01   1.62088e+01   1.78318e+01   2.19367e+01   2.96093e+01   4.17990e+01   2.13085e+01  -6.10276e+01
  -7.00000e-03  -4.08052e+01   1.23645e+01   3.26651e+01   2.79422e+01   2.28104e+01   1.97501e+01   1.84051e+01   1.76591e+01   1.62102e+01   1.52941e+01   1.48182e+01   1.45513e+01   1.44033e+01   1.43432e+01   1.43702e+01   1.45177e+01   1.48907e+01   1.57416e+01   1.67516e+01   1.57620e+01   1.52972e+01   1.58363e+01   1.71080e+01   1.93457e+01   2.24935e+01   2.34298e+01   2.48828e+01   2.68350e+01   1.76561e+01  -4.52330e+01  -1.44733e+02  -4.52401e+01   1.76468e+01   2.68285e+01   2.48777e+01   2.34258e+01   2.24905e+01   1.93433e+01   1.71063e+01   1.58344e+01   1.52955e+01   1.57603e+01   1.67498e+01   1.57400e+01   1.48892e+01   1.45163e+01   1.43685e+01   1.43417e+01   1.44020e+01   1.45501e+01   1.48169e+01   1.52924e+01   1.62085e+01   1.76567e+01   1.84027e+01   1.97469e+01   2.28069e+01   2.79375e+01   3.26587e+01   1.23587e+01  -4.08057e+01
  -7.50000e-03  -2.94554e+01   1.15911e+01   2.32187e+01   2.24656e+01   1.99059e+01   1.81245e+01   1.72249e+01   1.65305e+01   1.56350e+01   1.49327e+01   1.45201e+01   1.42856e+01   1.41636e+01   1.41280e+01   1.41817e+01   1.43555e+01   1.47229e+01   1.53618e+01   1.58908e+01   1.55603e+01   1.53425e+01   1.57946e+01   1.68755e+01   1.86171e+01   2.06124e+01   2.15259e+01   2.16986e+01   1.97007e+01   5.80054e+00  -4.02180e+01  -1.01231e+02  -4.02219e+01   5.79419e+00   1.96950e+01   2.16945e+01   2.15226e+01   2.06097e+01   1.86144e+01   1.68737e+01   1.57930e+01   1.53408e+01   1.55584e+01   1.58893e+01   1.53603e+01   1.47214e+01   1.43546e+01   1.41805e+01   1.41268e+01   1.41624e+01   1.42846e+01   1.45188e+01   1.49314e+01   1.56333e+01   1.65288e+01   1.72228e+01   1.81225e+01   1.99030e+01   2.24617e+01   2.32136e+01   1.15869e+01  -2.94585e+01
# Longitudinally Integrated Squared Transverse Magnetic Field [T2m]
START
                -3.00000e-02  -2.90000e-02  -2.80000e-02  -2.70000e-02  -2.60000e-02  -2.50000e-02  -2.40000e-02  -2.30000e-02  -2.20000e-02  -2.10000e-02  -2.00000e-02  -1.90000e-02  -1.80000e-02  -1.70000e-02  -1.60000e-02  -1.50000e-02  -1.40000e-02  -1.30000e-02  -1.20000e-02  -1.10000e-02  -1.00000e-02  -9.00000e-03  -8.00000e-03  -7.00000e-03  -6.00000e-03  -5.00000e-03  -4.00000e-03  -3.00000e-03  -2.00000e-03  -1.00000e-03   0.00000e+00   1.00000e-03   2.00000e-03   3.00000e-03   4.00000e-03   5.00000e-03   6.00000e-03   7.00000e-03   8.00000e-03   9.00000e-03   1.00000e-02   1.10000e-02   1.20000e-02   1.30000e-02   1.40000e-02   1.50000e-02   1.60000e-02   1.70000e-02   1.80000e-02   1.90000e-02   2.00000e-02   2.10000e-02   2.20000e-02   2.30000e-02   2.40000e-02   2.50000e-02   2.60000e-02   2.70000e-02   2.80000e-02   2.90000e-02   3.00000e-02
   7.50000e-03   3.26020e-01   1.42439e+00   1.12331e+00   9.45907e-01   8.40400e-01   7.74072e-01   7.30104e-01   6.97661e-01   6.78795e-01   6.66472e-01   6.58276e-01   6.53073e-01   6.50302e-01   6.49689e-01   6.51158e-01   6.54819e-01   6.61042e-01   6.70786e-01   6.86125e-01   7.08694e-01   7.40858e-01   7.81111e-01   8.32368e-01   8.99863e-01   9.92408e-01   1.11999e+00   1.30616e+00   1.57071e+00   1.96154e+00   2.54972e+00   1.95433e+00   2.55003e+00   1.96182e+00   1.57098e+00   1.30642e+00   1.12025e+00   9.92664e-01   9.00127e-01   8.32625e-01   7.81366e-01   7.41112e-01   7.08947e-01   6.86376e-01   6.71037e-01   6.61293e-01   6.55070e-01   6.51408e-01   6.49938e-01   6.50551e-01   6.53322e-01   6.58525e-01   6.66720e-01   6.79044e-01   6.97911e-01   7.30356e-01   7.74328e-01   8.40664e-01   9.46182e-01   1.12361e+00   1.42472e+00   3.26089e-01
   7.00000e-03   3.79464e-01   1.38575e+00   1.05897e+00   8.86907e-01   7.88374e-01   7.26364e-01   6.84445e-01   6.53210e-01   6.36174e-01   6.25151e-01   6.17679e-01   6.12885e-01   6.10333e-01   6.09797e-01   6.11200e-01   6.14600e-01   6.20225e-01   6.28789e-01   6.42977e-01   6.66472e-01   6.99123e-01   7.38529e-01   7.87818e-01   8.52010e-01   9.40332e-01   1.06585e+00   1.24983e+00   1.51310e+00   1.92057e+00   2.59354e+00   2.13581e+00   2.59384e+00   1.92084e+00   1.51336e+00   1.25009e+00   1.06610e+00   9.40584e-01   8.52270e-01   7.88072e-01   7.38783e-01   6.99375e-01   6.66723e-01   6.43226e-01   6.29038e-01   6.20474e-01   6.14849e-01   6.11449e-01   6.10045e-01   6.10581e-01   6.13132e-01   6.17926e-01   6.25397e-01   6.36420e-01   6.53457e-01   6.84694e-01   7.26617e-01   7.88633e-01   8.87176e-01   1.05926e+00   1.38607e+00   3.79530e-01
   6.50000e-03   4.57573e-01   1.33736e+00   9.76905e-01   8.20454e-01   7.33486e-01   6.77872e-01   6.38682e-01   6.08309e-01   5.94330e-01   5.84904e-01   5.78225e-01   5.73878e-01   5.71580e-01   5.71157e-01   5.72535e-01   5.75722e-01   5.80769e-01   5.87824e-01   5.99457e-01   6.25675e-01   6.59110e-01   6.97458e-01   7.44474e-01   8.04573e-01   8.86127e-01   1.01038e+00   1.18967e+00   1.44344e+00   1.85284e+00   2.63526e+00   2.40499e+00   2.63554e+00   1.85309e+00   1.44369e+00   1.18992e+00   1.01063e+00   8.86375e-01   8.04831e-01   7.44726e-01   6.97710e-01   6.59361e-01   6.25924e-01   5.99703e-01   5.88071e-01   5.81018e-01   5.75970e-01   5.72784e-01   5.71404e-01   5.71827e-01   5.74125e-01   5.78471e-01   5.85149e-01   5.94575e-01   6.08553e-01   6.38929e-01   6.78122e-01   7.33740e-01   8.20715e-01   9.77179e-01   1.33767e+00   4.57642e-01
   6.00000e-03   5.67964e-01   1.24426e+00   8.96926e-01   7.71492e-01   7.00087e-01   6.52349e-01   6.16419e-01   5.83834e-01   5.76109e-01   5.68229e-01   5.62270e-01   5.58324e-01   5.56246e-01   5.55912e-01   5.57255e-01   5.60236e-01   5.64745e-01   5.70165e-01   5.73800e-01   6.09194e-01   6.42920e-01   6.79834e-01   7.24271e-01   7.79610e-01   8.49442e-01   9.77917e-01   1.14746e+00   1.38100e+00   1.76350e+00   2.62990e+00   2.72032e+00   2.63015e+00   1.76375e+00   1.38125e+00   1.14771e+00   9.78167e-01   8.49693e-01   7.79873e-01   7.24529e-01   6.80092e-01   6.43177e-01   6.09449e-01   5.74050e-01   5.70418e-01   5.64999e-01   5.60490e-01   5.57508e-01   5.56165e-01   5.56498e-01   5.58576e-01   5.62521e-01   5.68479e-01   5.76358e-01   5.84082e-01   6.16668e-01   6.52601e-01   7.00342e-01   7.71751e-01   8.97191e-01   1.24454e+00   5.68050e-01
   5.50000e-03   5.93615e-01   1.02539e+00   8.84918e-01   8.09160e-01   7.59065e-01   7.22168e-01   6.92170e-01   6.66668e-01   6.60848e-01   6.53518e-01   6.47647e-01   6.43543e-01   6.41150e-01   6.40375e-01   6.41143e-01   6.43372e-01   6.46829e-01   6.50492e-01   6.47517e-01   6.69811e-01   6.97663e-01   7.28006e-01   7.64185e-01   8.08297e-01   8.58697e-01   9.25164e-01   1.05171e+00   1.22713e+00   1.50894e+00   2.10267e+00   2.44734e+00   2.10288e+00   1.50920e+00   1.22740e+00   1.05199e+00   9.25442e-01   8.58978e-01   8.08582e-01   7.64472e-01   7.28293e-01   6.97950e-01   6.70095e-01   6.47797e-01   6.50775e-01   6.47112e-01   6.43655e-01   6.41425e-01   6.40656e-01   6.41430e-01   6.43822e-01   6.47924e-01   6.53794e-01   6.61123e-01   6.66940e-01   6.92443e-01   7.22442e-01   7.59339e-01   8.09433e-01   8.85188e-01   1.02564e+00   5.93734e-01
   5.00000e-03   4.89839e-01   6.76177e-01   6.60717e-01   6.20299e-01   5.85665e-01   5.57410e-01   5.33925e-01   5.16176e-01   5.07163e-01   5.00412e-01   4.95291e-01   4.91842e-01   4.90008e-01   4.89725e-01   4.90954e-01   4.93659e-01   4.97720e-01   5.02652e-01   5.08278e-01   5.25027e-01   5.49530e-01   5.78407e-01   6.13290e-01   6.55819e-01   7.06645e-01   7.76062e-01   8.83597e-01   1.03353e+00   1.25502e+00   1.59324e+00   1.79370e+00   1.59338e+00   1.25522e+00   1.03375e+00   8.83831e-01   7.76302e-01   7.06889e-01   6.56067e-01   6.13540e-01   5.78657e-01   5.49781e-01   5.25275e-01   5.08525e-01   5.02900e-01   4.97968e-01   4.93907e-01   4.91201e-01   4.89972e-01   4.90254e-01   4.92087e-01   4.95534e-01   5.00654e-01   5.07404e-01   5.16415e-01   5.34164e-01   5.57649e-01   5.85903e-01   6.20533e-01   6.60942e-01   6.76372e-01   4.89963e-01
   4.50000e-03   3.91388e-01   4.89386e-01   5.03288e-01   4.83958e-01   4.60320e-01   4.38621e-01   4.20077e-01   4.05907e-01   3.96791e-01   3.90392e-01   3.85804e-01   3.82861e-01   3.81482e-01   3.81620e-01   3.83263e-01   3.86430e-01   3.91136e-01   3.97405e-01   4.06268e-01   4.21844e-01   4.44097e-01   4.71708e-01   5.05548e-01   5.47037e-01   5.98104e-01   6.65656e-01   7.59759e-01   8.85943e-01   1.05408e+00   1.25459e+00   1.35911e+00   1.25469e+00   1.05424e+00   8.86129e-01   7.59960e-01   6.65865e-01   5.98318e-01   5.47255e-01   5.05768e-01   4.71929e-01   4.44318e-01   4.22063e-01   4.06487e-01   3.97624e-01   3.91355e-01   3.86649e-01   3.83482e-01   3.81838e-01   3.81700e-01   3.83077e-01   3.86019e-01   3.90607e-01   3.97004e-01   4.06118e-01   4.20288e-01   4.38830e-01   4.60527e-01   4.84160e-01   5.03477e-01   4.89548e-01   3.91504e-01
   4.00000e-03   3.15212e-01   3.71409e-01   3.86351e-01   3.76391e-01   3.59366e-01   3.42092e-01   3.26862e-01   3.14829e-01   3.06262e-01   3.00212e-01   2.96033e-01   2.93498e-01   2.92507e-01   2.93022e-01   2.95055e-01   2.98675e-01   3.04006e-01   3.11338e-01   3.21676e-01   3.37047e-01   3.58135e-01   3.84860e-01   4.17972e-01   4.58777e-01   5.09317e-01   5.73977e-01   6.58229e-01   7.65042e-01   8.93859e-01   1.02345e+00   1.08366e+00   1.02352e+00   8.93986e-01   7.65197e-01   6.58400e-01   5.74157e-01   5.09503e-01   4.58967e-01   4.18164e-01   3.85053e-01   3.58328e-01   3.37240e-01   3.21869e-01   3.11530e-01   3.04198e-01   2.98867e-01   2.95247e-01   2.93213e-01   2.92698e-01   2.93688e-01   2.96222e-01   3.00399e-01   3.06449e-01   3.15015e-01   3.27046e-01   3.42274e-01   3.59545e-01   3.76563e-01   3.86511e-01   3.71545e-01   3.15316e-01
   3.50000e-03   2.56471e-01   2.89164e-01   2.98681e-01   2.91391e-01   2.77615e-01   2.62931e-01   2.49719e-01   2.39009e-01   2.31007e-01   2.25286e-01   2.21432e-01   2.19226e-01   2.18562e-01   2.19408e-01   2.21796e-01   2.25831e-01   2.31707e-01   2.39807e-01   2.50952e-01   2.66389e-01   2.86957e-01   3.13157e-01   3.45814e-01   3.86144e-01   4.35900e-01   4.97826e-01   5.74692e-01   6.66831e-01   7.68870e-01   8.60083e-01   8.99034e-01   8.60141e-01   7.68971e-01   6.66959e-01   5.74837e-01   4.97980e-01   4.36059e-01   3.86307e-01   3.45980e-01   3.13324e-01   2.87124e-01   2.66556e-01   2.51119e-01   2.39973e-01   2.31873e-01   2.25997e-01   2.21962e-01   2.19573e-01   2.18727e-01   2.19390e-01   2.21596e-01   2.25449e-01   2.31168e-01   2.39169e-01   2.49877e-01   2.63088e-01   2.77768e-01   2.91537e-01   2.98815e-01   2.89278e-01   2.56562e-01
   3.00000e-03   2.10859e-01   2.28934e-01   2.32416e-01   2.24663e-01   2.11955e-01   1.98495e-01   1.86355e-01   1.76405e-01   1.68819e-01   1.63367e-01   1.59766e-01   1.57820e-01   1.57427e-01   1.58557e-01   1.61256e-01   1.65651e-01   1.71973e-01   1.80623e-01   1.92283e-01   2.07879e-01   2.28272e-01   2.54223e-01   2.86639e-01   3.26653e-01   3.75675e-01   4.35366e-01   5.06764e-01   5.88288e-01   6.72653e-01   7.42103e-01   7.70074e-01   7.42148e-01   6.72734e-01   5.88393e-01   5.06883e-01   4.35495e-01   3.75809e-01   3.26791e-01   2.86779e-01   2.54364e-01   2.28413e-01   2.08020e-01   1.92424e-01   1.80765e-01   1.72115e-01   1.65792e-01   1.61397e-01   1.58697e-01   1.57567e-01   1.57960e-01   1.59905e-01   1.63505e-01   1.68956e-01   1.76541e-01   1.86489e-01   1.98627e-01   2.12083e-01   2.24784e-01   2.32527e-01   2.29030e-01   2.10936e-01
   2.50000e-03   1.75505e-01   1.83944e-01   1.82242e-01   1.72840e-01   1.59984e-01   1.46853e-01   1.35146e-01   1.25563e-01   1.18224e-01   1.12963e-01   1.09549e-01   1.07806e-01   1.07631e-01   1.08997e-01   1.11957e-01   1.16652e-01   1.23328e-01   1.32378e-01   1.44402e-01   1.60185e-01   1.80582e-01   2.06466e-01   2.38794e-01   2.78628e-01   3.27084e-01   3.85089e-01   4.52539e-01   5.26621e-01   5.99452e-01   6.56080e-01   6.78003e-01   6.56114e-01   5.99515e-01   5.26704e-01   4.52636e-01   3.85194e-01   3.27194e-01   2.78741e-01   2.38909e-01   2.06583e-01   1.80699e-01   1.60302e-01   1.44519e-01   1.32495e-01   1.23445e-01   1.16769e-01   1.12074e-01   1.09113e-01   1.07747e-01   1.07922e-01   1.09664e-01   1.13077e-01   1.18337e-01   1.25675e-01   1.35257e-01   1.46962e-01   1.60089e-01   1.72939e-01   1.82332e-01   1.84022e-01   1.75569e-01
   2.00000e-03   1.48509e-01   1.50418e-01   1.44647e-01   1.33363e-01   1.19808e-01   1.06503e-01   9.48400e-02   8.53672e-02   7.81414e-02   7.29953e-02   6.97138e-02   6.81225e-02   6.81172e-02   6.96720e-02   7.28432e-02   7.77769e-02   8.47241e-02   9.40691e-02   1.06364e-01   1.22332e-01   1.42817e-01   1.68738e-01   2.01077e-01   2.40836e-01   2.88907e-01   3.45716e-01   4.10403e-01   4.79396e-01   5.44747e-01   5.93617e-01   6.12046e-01   5.93643e-01   5.44795e-01   4.79460e-01   4.10478e-01   3.45799e-01   2.88994e-01   2.40926e-01   2.01169e-01   1.68831e-01   1.42910e-01   1.22425e-01   1.06457e-01   9.41620e-02   8.48170e-02   7.78696e-02   7.29357e-02   6.97643e-02   6.82092e-02   6.82141e-02   6.98049e-02   7.30858e-02   7.82313e-02   8.54562e-02   9.49277e-02   1.06589e-01   1.19891e-01   1.33441e-01   1.44717e-01   1.50479e-01   1.48560e-01
   1.50000e-03   1.28596e-01   1.26088e-01   1.17310e-01   1.04356e-01   8.99672e-02   7.62765e-02   6.44634e-02   5.49581e-02   4.77567e-02   4.26693e-02   3.94738e-02   3.79909e-02   3.81124e-02   3.98106e-02   4.31430e-02   4.82575e-02   5.54057e-02   6.49642e-02   7.74616e-02   9.35911e-02   1.14189e-01   1.40194e-01   1.72596e-01   2.12350e-01   2.60187e-01   3.16196e-01   3.79021e-01   4.44636e-01   5.05205e-01   5.49338e-01   5.65701e-01   5.49357e-01   5.05240e-01   4.44683e-01   3.79076e-01   3.16257e-01   2.60251e-01   2.12417e-01   1.72664e-01   1.40263e-01   1.14259e-01   9.36605e-02   7.75310e-02   6.50336e-02   5.54751e-02   4.83267e-02   4.32121e-02   3.98795e-02   3.81810e-02   3.80592e-02   3.95418e-02   4.27368e-02   4.78237e-02   5.50244e-02   6.45287e-02   7.63402e-02   9.00284e-02   1.04414e-01   1.17362e-01   1.26133e-01   1.28634e-01
   1.00000e-03   1.14912e-01   1.09546e-01   9.87156e-02   8.44972e-02   6.93843e-02   5.52968e-02   4.32819e-02   3.36902e-02   2.64699e-02   2.14055e-02   1.82614e-02   1.68501e-02   1.70588e-02   1.88576e-02   2.23031e-02   2.75439e-02   3.48307e-02   4.45352e-02   5.71750e-02   7.34294e-02   9.41304e-02   1.20223e-01   1.52699e-01   1.92481e-01   2.40191e-01   2.95704e-01   3.57350e-01   4.20844e-01   4.78480e-01   5.19794e-01   5.34951e-01   5.19806e-01   4.78502e-01   4.20875e-01   3.57386e-01   2.95744e-01   2.40234e-01   1.92525e-01   1.52744e-01   1.20269e-01   9.41764e-02   7.34755e-02   5.72211e-02   4.45813e-02   3.48767e-02   2.75899e-02   2.23491e-02   1.89034e-02   1.71044e-02   1.68955e-02   1.83066e-02   2.14504e-02   2.65144e-02   3.37342e-02   4.33252e-02   5.53390e-02   6.94248e-02   8.45351e-02   9.87500e-02   1.09576e-01   1.14937e-01
   5.00000e-04   1.06907e-01   9.99339e-02   8.79113e-02   7.29147e-02   5.73237e-02   4.29531e-02   3.07809e-02   2.11122e-02   1.38655e-02   8.80676e-03   5.68906e-03   4.31837e-03   4.57800e-03   6.43614e-03   9.94880e-03   1.52641e-02   2.26321e-02   3.24222e-02   4.51470e-02   6.14802e-02   8.22512e-02   1.08407e-01   1.40940e-01   1.80751e-01   2.28404e-01   2.83649e-01   3.44647e-01   4.06978e-01   4.63028e-01   5.02845e-01   5.17368e-01   5.02851e-01   4.63039e-01   4.06993e-01   3.44665e-01   2.83669e-01   2.28425e-01   1.80773e-01   1.40962e-01   1.08430e-01   8.22741e-02   6.15032e-02   4.51700e-02   3.24452e-02   2.26551e-02   1.52871e-02   9.97170e-03   6.45898e-03   4.60075e-03   4.34102e-03   5.71159e-03   8.82914e-03   1.38877e-02   2.11341e-02   3.08025e-02   4.29741e-02   5.73438e-02   7.29335e-02   8.79283e-02   9.99488e-02   1.06920e-01
   0.00000e+00   1.04276e-01   9.67842e-02   8.43714e-02   6.91135e-02   5.33570e-02   3.88852e-02   2.66548e-02   1.69564e-02   9.69844e-03   4.64020e-03   1.53059e-03   1.73036e-04   4.49427e-04   2.32724e-03   5.86214e-03   1.12021e-02   1.85968e-02   2.84152e-02   4.11684e-02   5.75284e-02   7.83240e-02   1.04503e-01   1.37057e-01   1.76880e-01   2.24516e-01   2.79677e-01   3.40468e-01   4.02428e-01   4.57975e-01   4.97321e-01   5.11644e-01   4.97321e-01   4.57975e-01   4.02428e-01   3.40468e-01   2.79677e-01   2.24516e-01   1.76880e-01   1.37057e-01   1.04503e-01   7.83240e-02   5.75284e-02   4.11684e-02   2.84152e-02   1.85968e-02   1.12021e-02   5.86214e-03   2.32724e-03   4.49426e-04   1.73036e-04   1.53059e-03   4.64020e-03   9.69844e-03   1.69564e-02   2.66548e-02   3.88852e-02   5.33570e-02   6.91135e-02   8.43714e-02   9.67842e-02   1.04276e-01
  -5.00000e-04   1.06920e-01   9.99488e-02   8.79283e-02   7.29335e-02   5.73438e-02   4.29741e-02   3.08025e-02   2.11341e-02   1.38877e-02   8.82914e-03   5.71159e-03   4.34102e-03   4.60075e-03   6.45898e-03   9.97170e-03   1.52871e-02   2.26551e-02   3.24452e-02   4.51700e-02   6.15032e-02   8.22741e-02   1.08430e-01   1.40962e-01   1.80773e-01   2.28425e-01   2.83669e-01   3.44665e-01   4.06993e-01   4.63039e-01   5.02851e-01   5.17368e-01   5.02845e-01   4.63028e-01   4.06978e-01   3.44647e-01   2.83649e-01   2.28404e-01   1.80751e-01   1.40940e-01   1.08407e-01   8.22512e-02   6.14802e-02   4.51470e-02   3.24222e-02   2.26321e-02   1.52641e-02   9.94880e-03   6.43614e-03   4.57800e-03   4.31837e-03   5.68906e-03   8.80676e-03   1.38655e-02   2.11122e-02   3.07809e-02   4.29531e-02   5.73237e-02   7.29147e-02   8.79113e-02   9.99339e-02   1.06907e-01
  -1.00000e-03   1.14937e-01   1.09576e-01   9.87500e-02   8.45351e-02   6.94248e-02   5.53390e-02   4.33252e-02   3.37342e-02   2.65144e-02   2.14504e-02   1.83066e-02   1.68955e-02   1.71044e-02   1.89034e-02   2.23491e-02   2.75899e-02   3.48767e-02   4.45813e-02   5.72211e-02   7.34755e-02   9.41764e-02   1.20269e-01   1.52744e-01   1.92525e-01   2.40234e-01   2.95744e-01   3.57386e-01   4.20875e-01   4.78502e-01   5.19806e-01   5.34951e-01   5.19794e-01   4.78480e-01   4.20844e-01   3.57350e-01   2.95704e-01   2.40191e-01   1.92481e-01   1.52699e-01   1.20223e-01   9.41304e-02   7.34294e-02   5.71750e-02   4.45352e-02   3.48307e-02   2.75439e-02   2.23031e-02   1.88576e-02   1.70588e-02   1.68501e-02   1.82614e-02   2.14055e-02   2.64699e-02   3.36902e-02   4.32819e-02   5.52968e-02   6.93843e-02   8.44972e-02   9.87156e-02   1.09546e-01   1.14912e-01
  -1.50000e-03   1.28634e-01   1.26133e-01   1.17362e-01   1.04414e-01   9.00284e-02   7.63402e-02   6.45287e-02   5.50244e-02   4.78237e-02   4.27368e-02   3.95418e-02   3.80592e-02   3.81810e-02   3.98795e-02   4.32121e-02   4.83267e-02   5.54751e-02   6.50336e-02   7.75310e-02   9.36605e-02   1.14259e-01   1.40263e-01   1.72664e-01   2.12417e-01   2.60251e-01   3.16257e-01   3.79076e-01   4.44683e-01   5.05240e-01   5.49357e-01   5.65701e-01   5.49338e-01   5.05205e-01   4.44636e-01   3.79021e-01   3.16196e-01   2.60187e-01   2.12350e-01   1.72596e-01   1.40194e-01   1.14189e-01   9.35911e-02   7.74616e-02   6.49642e-02   5.54057e-02   4.82575e-02   4.31430e-02   3.98106e-02   3.81124e-02   3.79909e-02   3.94738e-02   4.26693e-02   4.77567e-02   5.49581e-02   6.44634e-02   7.62765e-02   8.99672e-02   1.04356e-01   1.17310e-01   1.26088e-01   1.28596e-01
  -2.00000e-03   1.48560e-01   1.50479e-01   1.44717e-01   1.33441e-01   1.19891e-01   1.06589e-01   9.49277e-02   8.54562e-02   7.82313e-02   7.30858e-02   6.98049e-02   6.82141e-02   6.82092e-02   6.97643e-02   7.29357e-02   7.78696e-02   8.48170e-02   9.41620e-02   1.06457e-01   1.22425e-01   1.42910e-01   1.68831e-01   2.01169e-01   2.40926e-01   2.88994e-01   3.45799e-01   4.10478e-01   4.79460e-01   5.44795e-01   5.93643e-01   6.12046e-01   5.93617e-01   5.44747e-01   4.79396e-01   4.10403e-01   3.45716e-01   2.88907e-01   2.40836e-01   2.01077e-01   1.68738e-01   1.42817e-01   1.22332e-01   1.06364e-01   9.40691e-02   8.47241e-02   7.77769e-02   7.28432e-02   6.96720e-02   6.81172e-02   6.81225e-02   6.97138e-02   7.29953e-02   7.81414e-02   8.53672e-02   9.48400e-02   1.06503e-01   1.19808e-01   1.33363e-01   1.44647e-01   1.50418e-01   1.48509e-01
  -2.50000e-03   1.75569e-01   1.84022e-01   1.82332e-01   1.72939e-01   1.60089e-01   1.46962e-01   1.35257e-01   1.25675e-01   1.18338e-01   1.13077e-01   1.09664e-01   1.07922e-01   1.07747e-01   1.09113e-01   1.12074e-01   1.16769e-01   1.23445e-01   1.32495e-01   1.44519e-01   1.60302e-01   1.80699e-01   2.06583e-01   2.38909e-01   2.78741e-01   3.27194e-01   3.85194e-01   4.52636e-01   5.26704e-01   5.99515e-01   6.56114e-01   6.78003e-01   6.56080e-01   5.99452e-01   5.26621e-01   4.52539e-01   3.85089e-01   3.27084e-01   2.78628e-01   2.38794e-01   2.06466e-01   1.80582e-01   1.60185e-01   1.44402e-01   1.32378e-01   1.23328e-01   1.16652e-01   1.11957e-01   1.08997e-01   1.07631e-01   1.07806e-01   1.09549e-01   1.12963e-01   1.18224e-01   1.25563e-01   1.35146e-01   1.46853e-01   1.59984e-01   1.72840e-01   1.82242e-01   1.83944e-01   1.75505e-01
  -3.00000e-03   2.10936e-01   2.29030e-01   2.32527e-01   2.24784e-01   2.12083e-01   1.98627e-01   1.86489e-01   1.76541e-01   1.68956e-01   1.63505e-01   1.59905e-01   1.57960e-01   1.57567e-01   1.58697e-01   1.61397e-01   1.65792e-01   1.72115e-01   1.80765e-01   1.92424e-01   2.08020e-01   2.28413e-01   2.54364e-01   2.86779e-01   3.26791e-01   3.75809e-01   4.35495e-01   5.06883e-01   5.88393e-01   6.72734e-01   7.42148e-01   7.70074e-01   7.42103e-01   6.72653e-01   5.88288e-01   5.06764e-01   4.35366e-01   3.75675e-01   3.26653e-01   2.86639e-01   2.54223e-01   2.28272e-01   2.07879e-01   1.92283e-01   1.80623e-01   1.71973e-01   1.65651e-01   1.61256e-01   1.58557e-01   1.57427e-01   1.57820e-01   1.59766e-01   1.63367e-01   1.68819e-01   1.76405e-01   1.86355e-01   1.98495e-01   2.11955e-01   2.24663e-01   2.32416e-01   2.28934e-01   2.10859e-01
  -3.50000e-03   2.56562e-01   2.89278e-01   2.98815e-01   2.91537e-01   2.77768e-01   2.63088e-01   2.49877e-01   2.39169e-01   2.31168e-01   2.25449e-01   2.21596e-01   2.19390e-01   2.18727e-01   2.19573e-01   2.21962e-01   2.25997e-01   2.31873e-01   2.39973e-01   2.51119e-01   2.66556e-01   2.87124e-01   3.13324e-01   3.45980e-01   3.86307e-01   4.36059e-01   4.97980e-01   5.74837e-01   6.66959e-01   7.68971e-01   8.60141e-01   8.99034e-01   8.60083e-01   7.68870e-01   6.66831e-01   5.74692e-01   4.97826e-01   4.35900e-01   3.86144e-01   3.45814e-01   3.13157e-01   2.86957e-01   2.66389e-01   2.50952e-01   2.39807e-01   2.31707e-01   2.25831e-01   2.21796e-01   2.19408e-01   2.18562e-01   2.19226e-01   2.21432e-01   2.25286e-01   2.31007e-01   2.39009e-01   2.49719e-01   2.62931e-01   2.77615e-01   2.91391e-01   2.98681e-01   2.89164e-01   2.56471e-01
  -4.00000e-03   3.15316e-01   3.71545e-01   3.86511e-01   3.76563e-01   3.59545e-01   3.42274e-01   3.27046e-01   3.15015e-01   3.06449e-01   3.00399e-01   2.96222e-01   2.93688e-01   2.92698e-01   2.93213e-01   2.95247e-01   2.98867e-01   3.04198e-01   3.11530e-01   3.21869e-01   3.37240e-01   3.58329e-01   3.85053e-01   4.18164e-01   4.58967e-01   5.09503e-01   5.74157e-01   6.58400e-01   7.65197e-01   8.93986e-01   1.02352e+00   1.08366e+00   1.02345e+00   8.93859e-01   7.65042e-01   6.58229e-01   5.73977e-01   5.09317e-01   4.58777e-01   4.17972e-01   3.84860e-01   3.58135e-01   3.37047e-01   3.21676e-01   3.11338e-01   3.04006e-01   2.98675e-01   2.95055e-01   2.93022e-01   2.92507e-01   2.93498e-01   2.96033e-01   3.00212e-01   3.06262e-01   3.14829e-01   3.26862e-01   3.42092e-01   3.59366e-01   3.76391e-01   3.86351e-01   3.71409e-01   3.15212e-01
  -4.50000e-03   3.91504e-01   4.89548e-01   5.03477e-01   4.84160e-01   4.60527e-01   4.38830e-01   4.20288e-01   4.06118e-01   3.97004e-01   3.90607e-01   3.86019e-01   3.83077e-01   3.81700e-01   3.81838e-01   3.83482e-01   3.86649e-01   3.91355e-01   3.97624e-01   4.06487e-01   4.22063e-01   4.44318e-01   4.71929e-01   5.05768e-01   5.47255e-01   5.98318e-01   6.65865e-01   7.59960e-01   8.86129e-01   1.05424e+00   1.25469e+00   1.35911e+00   1.25459e+00   1.05408e+00   8.85943e-01   7.59759e-01   6.65656e-01   5.98104e-01   5.47037e-01   5.05548e-01   4.71708e-01   4.44097e-01   4.21844e-01   4.06268e-01   3.97405e-01   3.91136e-01   3.86430e-01   3.83263e-01   3.81620e-01   3.81482e-01   3.82861e-01   3.85804e-01   3.90392e-01   3.96791e-01   4.05907e-01   4.20077e-01   4.38621e-01   4.60320e-01   4.83958e-01   5.03288e-01   4.89386e-01   3.91388e-01
  -5.00000e-03   4.89963e-01   6.76372e-01   6.60942e-01   6.20533e-01   5.85903e-01   5.57649e-01   5.34164e-01   5.16415e-01   5.07404e-01   5.00654e-01   4.95534e-01   4.92087e-01   4.90254e-01   4.89972e-01   4.91201e-01   4.93907e-01   4.97968e-01   5.02900e-01   5.08525e-01   5.25275e-01   5.49781e-01   5.78657e-01   6.13540e-01   6.56067e-01   7.06889e-01   7.76302e-01   8.83831e-01   1.03375e+00   1.25522e+00   1.59338e+00   1.79370e+00   1.59324e+00   1.25502e+00   1.03353e+00   8.83597e-01   7.76062e-01   7.06645e-01   6.55819e-01   6.13290e-01   5.78407e-01   5.49530e-01   5.25027e-01   5.08278e-01   5.02652e-01   4.97720e-01   4.93659e-01   4.90954e-01   4.89725e-01   4.90008e-01   4.91842e-01   4.95291e-01   5.00412e-01   5.07163e-01   5.16176e-01   5.33925e-01   5.57410e-01   5.85665e-01   6.20299e-01   6.60717e-01   6.76177e-01   4.89839e-01
  -5.50000e-03   5.93734e-01   1.02564e+00   8.85188e-01   8.09433e-01   7.59339e-01   7.22442e-01   6.92443e-01   6.66940e-01   6.61123e-01   6.53794e-01   6.47924e-01   6.43822e-01   6.41430e-01   6.40656e-01   6.41425e-01   6.43655e-01   6.47112e-01   6.50775e-01   6.47797e-01   6.70095e-01   6.97950e-01   7.28293e-01   7.64472e-01   8.08582e-01   8.58978e-01   9.25442e-01   1.05199e+00   1.22740e+00   1.50920e+00   2.10288e+00   2.44734e+00   2.10267e+00   1.50894e+00   1.22713e+00   1.05171e+00   9.25164e-01   8.58697e-01   8.08297e-01   7.64185e-01   7.28006e-01   6.97663e-01   6.69811e-01   6.47517e-01   6.50492e-01   6.46829e-01   6.43372e-01   6.41143e-01   6.40375e-01   6.41150e-01   6.43543e-01   6.47647e-01   6.53518e-01   6.60848e-01   6.66668e-01   6.92170e-01   7.22168e-01   7.59065e-01   8.09160e-01   8.84918e-01   1.02539e+00   5.93615e-01
  -6.00000e-03   5.68050e-01   1.24454e+00   8.97191e-01   7.71751e-01   7.00342e-01   6.52601e-01   6.16669e-01   5.84082e-01   5.76359e-01   5.68480e-01   5.62521e-01   5.58576e-01   5.56499e-01   5.56166e-01   5.57509e-01   5.60491e-01   5.65000e-01   5.70419e-01   5.74051e-01   6.09449e-01   6.43177e-01   6.80092e-01   7.24529e-01   7.79873e-01   8.49693e-01   9.78166e-01   1.14771e+00   1.38121e+00   1.76370e+00   2.63011e+00   2.72032e+00   2.62986e+00   1.76346e+00   1.38096e+00   1.14746e+00   9.77918e-01   8.49442e-01   7.79619e-01   7.24273e-01   6.79836e-01   6.42921e-01   6.09196e-01   5.73801e-01   5.70166e-01   5.64746e-01   5.60237e-01   5.57255e-01   5.55913e-01   5.56246e-01   5.58324e-01   5.62270e-01   5.68230e-01   5.76110e-01   5.83835e-01   6.16419e-01   6.52349e-01   7.00087e-01   7.71493e-01   8.96926e-01   1.24426e+00   5.67964e-01
  -6.50000e-03   4.57642e-01   1.33767e+00   9.77179e-01   8.20716e-01   7.33741e-01   6.78122e-01   6.38929e-01   6.08554e-01   5.94575e-01   5.85149e-01   5.78471e-01   5.74125e-01   5.71827e-01   5.71405e-01   5.72784e-01   5.75971e-01   5.81018e-01   5.88072e-01   5.99704e-01   6.25924e-01   6.59361e-01   6.97710e-01   7.44726e-01   8.04831e-01   8.86375e-01   1.01063e+00   1.18991e+00   1.44365e+00   1.85305e+00   2.63550e+00   2.40499e+00   2.63522e+00   1.85280e+00   1.44341e+00   1.18967e+00   1.01038e+00   8.86128e-01   8.04582e-01   7.44475e-01   6.97459e-01   6.59111e-01   6.25676e-01   5.99457e-01   5.87824e-01   5.80770e-01   5.75723e-01   5.72536e-01   5.71157e-01   5.71581e-01   5.73879e-01   5.78226e-01   5.84904e-01   5.94331e-01   6.08310e-01   6.38682e-01   6.77872e-01   7.33486e-01   8.20454e-01   9.76905e-01   1.33736e+00   4.57573e-01
  -7.00000e-03   3.79530e-01   1.38607e+00   1.05926e+00   8.87176e-01   7.88634e-01   7.26617e-01   6.84695e-01   6.53458e-01   6.36421e-01   6.25398e-01   6.17926e-01   6.13132e-01   6.10581e-01   6.10046e-01   6.11450e-01   6.14850e-01   6.20475e-01   6.29039e-01   6.43227e-01   6.66723e-01   6.99375e-01   7.38783e-01   7.88071e-01   8.52270e-01   9.40584e-01   1.06610e+00   1.25009e+00   1.51332e+00   1.92080e+00   2.59380e+00   2.13581e+00   2.59350e+00   1.92053e+00   1.51307e+00   1.24983e+00   1.06585e+00   9.40332e-01   8.52018e-01   7.87819e-01   7.38531e-01   6.99124e-01   6.66473e-01   6.42978e-01   6.28790e-01   6.20225e-01   6.14601e-01   6.11201e-01   6.09798e-01   6.10333e-01   6.12885e-01   6.17680e-01   6.25152e-01   6.36174e-01   6.53211e-01   6.84445e-01   7.26364e-01   7.88374e-01   8.86907e-01   1.05897e+00   1.38575e+00   3.79464e-01
  -7.50000e-03   3.26089e-01   1.42472e+00   1.12361e+00   9.46182e-01   8.40664e-01   7.74329e-01   7.30357e-01   6.97911e-01   6.79044e-01   6.66721e-01   6.58525e-01   6.53322e-01   6.50551e-01   6.49939e-01   6.51409e-01   6.55070e-01   6.61293e-01   6.71038e-01   6.86377e-01   7.08947e-01   7.41112e-01   7.81366e-01   8.32625e-01   9.00127e-01   9.92664e-01   1.12024e+00   1.30642e+00   1.57094e+00   1.96178e+00   2.54999e+00   1.95433e+00   2.54968e+00   1.96150e+00   1.57068e+00   1.30616e+00   1.11999e+00   9.92409e-01   8.99872e-01   8.32370e-01   7.81112e-01   7.40859e-01   7.08696e-01   6.86126e-01   6.70787e-01   6.61043e-01   6.54820e-01   6.51159e-01   6.49689e-01   6.50302e-01   6.53074e-01   6.58277e-01   6.66472e-01   6.78796e-01   6.97662e-01   7.30104e-01   7.74072e-01   8.40401e-01   9.45907e-01   1.12331e+00   1.42439e+00   3.26020e-01
