# Author : T. Tanabe
# EPU50HE
# Undulator Length [m]
1.8
# Number of Horizontal Points
61
# Number of Vertical Points
31
# Horizontal Kick [micro-rad]
START
                -3.00000e-02  -2.90000e-02  -2.80000e-02  -2.70000e-02  -2.60000e-02  -2.50000e-02  -2.40000e-02  -2.30000e-02  -2.20000e-02  -2.10000e-02  -2.00000e-02  -1.90000e-02  -1.80000e-02  -1.70000e-02  -1.60000e-02  -1.50000e-02  -1.40000e-02  -1.30000e-02  -1.20000e-02  -1.10000e-02  -1.00000e-02  -9.00000e-03  -8.00000e-03  -7.00000e-03  -6.00000e-03  -5.00000e-03  -4.00000e-03  -3.00000e-03  -2.00000e-03  -1.00000e-03   0.00000e+00   1.00000e-03   2.00000e-03   3.00000e-03   4.00000e-03   5.00000e-03   6.00000e-03   7.00000e-03   8.00000e-03   9.00000e-03   1.00000e-02   1.10000e-02   1.20000e-02   1.30000e-02   1.40000e-02   1.50000e-02   1.60000e-02   1.70000e-02   1.80000e-02   1.90000e-02   2.00000e-02   2.10000e-02   2.20000e-02   2.30000e-02   2.40000e-02   2.50000e-02   2.60000e-02   2.70000e-02   2.80000e-02   2.90000e-02   3.00000e-02
   7.50000e-03   4.38819e-01   1.06556e+02   7.02686e+01   4.06091e+01   2.39862e+01   1.48250e+01   9.37610e+00   5.53564e+00   3.08393e+00   1.74773e+00   9.43364e-01   3.93997e-01  -1.73967e-02  -3.58120e-01  -6.73545e-01  -1.00902e+00  -1.44508e+00  -2.20628e+00  -3.80883e+00  -5.69751e+00  -7.09730e+00  -8.76355e+00  -1.12090e+01  -1.50175e+01  -2.12966e+01  -3.15425e+01  -4.43965e+01  -6.47086e+01  -9.70238e+01  -1.28368e+02  -1.61564e+01   1.37966e+02   9.34289e+01   6.26085e+01   4.30868e+01   3.07753e+01   2.07991e+01   1.48517e+01   1.10530e+01   8.60841e+00   6.93472e+00   5.54073e+00   3.26727e+00   2.31617e+00   1.56166e+00   1.11177e+00   7.66605e-01   4.50514e-01   1.18460e-01  -2.75523e-01  -7.95102e-01  -1.55072e+00  -2.79506e+00  -4.92781e+00  -8.52568e+00  -1.35642e+01  -2.20799e+01  -3.75856e+01  -6.54425e+01  -1.08048e+02   8.48316e+00
   7.00000e-03  -8.42390e+00   1.24263e+02   6.95906e+01   3.69161e+01   2.12962e+01   1.32094e+01   8.51957e+00   4.65658e+00   2.26892e+00   1.23276e+00   6.08612e-01   1.68615e-01  -1.66972e-01  -4.45531e-01  -6.98508e-01  -9.54524e-01  -1.25634e+00  -1.82224e+00  -3.73049e+00  -6.00970e+00  -7.05394e+00  -8.42098e+00  -1.05626e+01  -1.39790e+01  -2.02610e+01  -3.11038e+01  -4.34597e+01  -6.50023e+01  -1.06216e+02  -1.62994e+02  -1.69059e+01   1.71597e+02   1.02819e+02   6.33163e+01   4.24176e+01   3.04788e+01   1.99634e+01   1.39569e+01   1.04852e+01   8.30229e+00   6.88802e+00   5.80934e+00   3.21843e+00   1.99186e+00   1.40109e+00   1.06815e+00   7.94370e-01   5.34078e-01   2.56792e-01  -6.87493e-02  -4.90382e-01  -1.08625e+00  -2.07025e+00  -4.15183e+00  -7.76882e+00  -1.21479e+01  -1.97528e+01  -3.44773e+01  -6.53458e+01  -1.25685e+02   1.82409e+01
   6.50000e-03  -2.93748e+01   1.64662e+02   6.39907e+01   3.07275e+01   1.74870e+01   1.10530e+01   7.66276e+00   3.37619e+00   1.21441e+00   6.56833e-01   2.41955e-01  -7.95207e-02  -3.35440e-01  -5.50677e-01  -7.42608e-01  -9.19022e-01  -1.06617e+00  -1.22217e+00  -3.50877e+00  -6.67759e+00  -6.98781e+00  -8.03298e+00  -9.83465e+00  -1.26353e+01  -1.84618e+01  -3.10373e+01  -4.12322e+01  -6.23134e+01  -1.10798e+02  -2.26741e+02  -1.74777e+01   2.33374e+02   1.08364e+02   6.13218e+01   4.05366e+01   3.04742e+01   1.84724e+01   1.27675e+01   9.83207e+00   7.94844e+00   6.81492e+00   6.37894e+00   3.06880e+00   1.47330e+00   1.23503e+00   1.03816e+00   8.36238e-01   6.30455e-01   4.11528e-01   1.57215e-01  -1.59230e-01  -5.68596e-01  -1.13326e+00  -3.03774e+00  -7.00818e+00  -1.02475e+01  -1.64158e+01  -2.91183e+01  -6.09478e+01  -1.64796e+02   4.01946e+01
   6.00000e-03  -1.06670e+02   2.11903e+02   4.74768e+01   2.20028e+01   1.27679e+01   8.40473e+00   6.81469e+00  -4.46547e-01   6.72499e-02   6.17547e-02  -1.51941e-01  -3.56845e-01  -5.32147e-01  -6.84448e-01  -8.20657e-01  -9.29680e-01  -9.46765e-01  -5.55010e-01  -7.87051e-01  -7.46405e+00  -6.80059e+00  -7.60873e+00  -9.10192e+00  -1.11601e+01  -1.38309e+01  -3.17650e+01  -3.74638e+01  -5.59203e+01  -1.02435e+02  -3.24485e+02  -1.34847e+01   3.27761e+02   1.01894e+02   5.56837e+01   3.70951e+01   3.10262e+01   1.42630e+01   1.13385e+01   9.11565e+00   7.53857e+00   6.63839e+00   7.08029e+00   7.59297e-01   8.23727e-01   1.09305e+00   1.02490e+00   8.89476e-01   7.38638e-01   5.77624e-01   3.97533e-01   1.87726e-01  -3.91834e-02  -1.00216e-01   2.86991e-01  -6.32007e+00  -7.96002e+00  -1.22940e+01  -2.14642e+01  -4.66707e+01  -2.11581e+02   1.16967e+02
   5.50000e-03  -1.62272e+02   3.45212e+01   2.02386e+01   1.10970e+01   6.94706e+00   4.84299e+00   4.36813e+00  -1.71835e+00  -6.12246e-01  -4.12781e-01  -4.82756e-01  -5.84983e-01  -6.86123e-01  -7.81674e-01  -8.71854e-01  -9.40564e-01  -9.10322e-01  -3.96424e-01   2.62032e+00  -5.82812e+00  -5.44402e+00  -6.11326e+00  -7.28912e+00  -8.70589e+00  -8.01283e+00  -2.12922e+01  -2.74608e+01  -4.03842e+01  -6.95933e+01  -1.56893e+02  -2.78129e+00   1.54584e+02   6.92606e+01   4.02109e+01   2.73680e+01   2.13646e+01   7.82853e+00   8.65100e+00   7.25807e+00   6.09689e+00   5.44230e+00   5.86066e+00  -2.71431e+00   3.69784e-01   9.02222e-01   9.40472e-01   8.78635e-01   7.93941e-01   7.03604e-01   6.08791e-01   5.12597e-01   4.51903e-01   6.66091e-01   1.75132e+00  -4.35226e+00  -4.78885e+00  -6.85609e+00  -1.09339e+01  -1.98810e+01  -3.22487e+01   1.65513e+02
   5.00000e-03  -8.96479e+01  -3.72599e+01  -2.73637e-01   2.81654e+00   2.58176e+00   2.12284e+00   1.84921e+00  -1.08265e-01  -8.85142e-01  -7.97607e-01  -7.93124e-01  -8.25286e-01  -8.73001e-01  -9.32239e-01  -1.00117e+00  -1.06648e+00  -1.08080e+00  -9.13293e-01  -1.55942e+00  -4.42553e+00  -5.01304e+00  -5.79658e+00  -6.91890e+00  -8.24938e+00  -9.59722e+00  -1.62126e+01  -2.28968e+01  -3.17362e+01  -4.54651e+01  -4.29815e+01  -4.19657e-01   4.24731e+01   4.53968e+01   3.17055e+01   2.28809e+01   1.62143e+01   9.57954e+00   8.24211e+00   6.91481e+00   5.79403e+00   5.01263e+00   4.42907e+00   1.55622e+00   9.10874e-01   1.08082e+00   1.06739e+00   1.00288e+00   9.34760e-01   8.76289e-01   8.29124e-01   7.97569e-01   8.03807e-01   8.92367e-01   1.11949e-01  -1.84358e+00  -2.11118e+00  -2.56327e+00  -2.78349e+00   3.48538e-01   3.76882e+01   9.00719e+01
   4.50000e-03  -5.24243e+01  -3.47205e+01  -1.02202e+01  -2.82116e+00  -7.32409e-01  -7.84814e-02   1.69132e-02  -6.79798e-01  -1.11916e+00  -1.08977e+00  -1.04088e+00  -1.02305e+00  -1.03219e+00  -1.06621e+00  -1.12383e+00  -1.20061e+00  -1.28393e+00  -1.41188e+00  -2.18506e+00  -3.72587e+00  -4.64282e+00  -5.53758e+00  -6.65877e+00  -8.02735e+00  -9.96072e+00  -1.40914e+01  -1.90654e+01  -2.44925e+01  -2.90028e+01  -1.96831e+01  -7.54153e-02   1.95853e+01   2.89737e+01   2.44784e+01   1.90580e+01   1.40882e+01   9.95645e+00   8.02479e+00   6.65738e+00   5.53684e+00   4.64248e+00   3.72673e+00   2.18503e+00   1.41150e+00   1.28399e+00   1.20054e+00   1.12439e+00   1.06652e+00   1.03284e+00   1.02372e+00   1.04196e+00   1.09080e+00   1.12034e+00   6.80513e-01  -1.53005e-02   8.08515e-02   7.36734e-01   2.82943e+00   1.02392e+01   3.47884e+01   5.24906e+01
   4.00000e-03  -3.45931e+01  -2.69983e+01  -1.31486e+01  -5.98013e+00  -2.99422e+00  -1.71363e+00  -1.23489e+00  -1.30404e+00  -1.40468e+00  -1.33562e+00  -1.24829e+00  -1.19195e+00  -1.17142e+00  -1.18760e+00  -1.24009e+00  -1.33153e+00  -1.47332e+00  -1.74011e+00  -2.40647e+00  -3.45108e+00  -4.39135e+00  -5.34711e+00  -6.48118e+00  -7.87151e+00  -9.77824e+00  -1.27318e+01  -1.61747e+01  -1.92114e+01  -1.97161e+01  -1.22492e+01  -2.63171e-02   1.22089e+01   1.96945e+01   1.91996e+01   1.61681e+01   1.27279e+01   9.77510e+00   7.86939e+00   6.48013e+00   5.34672e+00   4.39109e+00   3.45144e+00   2.40653e+00   1.74011e+00   1.47330e+00   1.33187e+00   1.24008e+00   1.18756e+00   1.17191e+00   1.19231e+00   1.24850e+00   1.33629e+00   1.40544e+00   1.30471e+00   1.23586e+00   1.71481e+00   2.99641e+00   5.98483e+00   1.31590e+01   2.70191e+01   3.46148e+01
   3.50000e-03  -2.47208e+01  -2.08967e+01  -1.29838e+01  -7.36005e+00  -4.35866e+00  -2.82948e+00  -2.09416e+00  -1.82049e+00  -1.69045e+00  -1.54894e+00  -1.42248e+00  -1.33568e+00  -1.29303e+00  -1.29558e+00  -1.34582e+00  -1.45066e+00  -1.62960e+00  -1.94588e+00  -2.52480e+00  -3.35075e+00  -4.24596e+00  -5.22255e+00  -6.36529e+00  -7.74316e+00  -9.49615e+00  -1.17587e+01  -1.41279e+01  -1.56856e+01  -1.46840e+01  -8.86487e+00  -1.63820e-02   8.83687e+00   1.46654e+01   1.56743e+01   1.41215e+01   1.17547e+01   9.49311e+00   7.74126e+00   6.36422e+00   5.22208e+00   4.24577e+00   3.35077e+00   2.52474e+00   1.94590e+00   1.62960e+00   1.45064e+00   1.34607e+00   1.29574e+00   1.29329e+00   1.33600e+00   1.42278e+00   1.54907e+00   1.69080e+00   1.82075e+00   2.09491e+00   2.83066e+00   4.36091e+00   7.36463e+00   1.29921e+01   2.09094e+01   2.47343e+01
   3.00000e-03  -1.86601e+01  -1.64986e+01  -1.17823e+01  -7.68321e+00  -5.05822e+00  -3.52588e+00  -2.66922e+00  -2.21178e+00  -1.93823e+00  -1.72934e+00  -1.56747e+00  -1.45632e+00  -1.39657e+00  -1.38961e+00  -1.43839e+00  -1.55250e+00  -1.75138e+00  -2.08131e+00  -2.60501e+00  -3.32399e+00  -4.17452e+00  -5.15229e+00  -6.29622e+00  -7.64633e+00  -9.25021e+00  -1.10755e+01  -1.27453e+01  -1.34444e+01  -1.19005e+01  -7.06700e+00  -1.21001e-02   7.04533e+00   1.18851e+01   1.34343e+01   1.27390e+01   1.10715e+01   9.24770e+00   7.64454e+00   6.29520e+00   5.15172e+00   4.17430e+00   3.32376e+00   2.60492e+00   2.08124e+00   1.75165e+00   1.55230e+00   1.43864e+00   1.38956e+00   1.39654e+00   1.45627e+00   1.56759e+00   1.72957e+00   1.93834e+00   2.21226e+00   2.66969e+00   3.52719e+00   5.06050e+00   7.68731e+00   1.17889e+01   1.65081e+01   1.86700e+01
   2.50000e-03  -1.46982e+01  -1.33571e+01  -1.04031e+01  -7.47486e+00  -5.32329e+00  -3.91564e+00  -3.03576e+00  -2.49166e+00  -2.13438e+00  -1.87553e+00  -1.68496e+00  -1.55460e+00  -1.48240e+00  -1.46834e+00  -1.51640e+00  -1.63588e+00  -1.84478e+00  -2.17523e+00  -2.66660e+00  -3.33011e+00  -4.14899e+00  -5.12102e+00  -6.26235e+00  -7.58425e+00  -9.07402e+00  -1.06179e+01  -1.18459e+01  -1.20542e+01  -1.03080e+01  -6.03955e+00  -9.51687e-03   6.02253e+00   1.02952e+01   1.20456e+01   1.18400e+01   1.06143e+01   9.07168e+00   7.58263e+00   6.26142e+00   5.12050e+00   4.14873e+00   3.33005e+00   2.66663e+00   2.17539e+00   1.84459e+00   1.63582e+00   1.51653e+00   1.46848e+00   1.48257e+00   1.55477e+00   1.68530e+00   1.87590e+00   2.13466e+00   2.49189e+00   3.03629e+00   3.91707e+00   5.32539e+00   7.47851e+00   1.04087e+01   1.33643e+01   1.47058e+01
   2.00000e-03  -1.20271e+01  -1.11223e+01  -9.17022e+00  -7.06056e+00  -5.33978e+00  -4.10160e+00  -3.25442e+00  -2.68048e+00  -2.28013e+00  -1.98901e+00  -1.77713e+00  -1.63268e+00  -1.55096e+00  -1.53204e+00  -1.57933e+00  -1.70161e+00  -1.91467e+00  -2.24326e+00  -2.71572e+00  -3.35005e+00  -4.14910e+00  -5.11547e+00  -6.25339e+00  -7.55283e+00  -8.96365e+00  -1.03279e+01  -1.12806e+01  -1.12043e+01  -9.37116e+00  -5.42871e+00  -7.10957e-03   5.41567e+00   9.36085e+00   1.11970e+01   1.12757e+01   1.03248e+01   8.96146e+00   7.55169e+00   6.25275e+00   5.11504e+00   4.14892e+00   3.35000e+00   2.71572e+00   2.24321e+00   1.91469e+00   1.70158e+00   1.57926e+00   1.53217e+00   1.55120e+00   1.63278e+00   1.77731e+00   1.98935e+00   2.28011e+00   2.68079e+00   3.25507e+00   4.10254e+00   5.34172e+00   7.06359e+00   9.17457e+00   1.11277e+01   1.20329e+01
   1.50000e-03  -1.02265e+01  -9.56387e+00  -8.19164e+00  -6.62501e+00  -5.24237e+00  -4.16635e+00  -3.37420e+00  -2.80040e+00  -2.38173e+00  -2.07194e+00  -1.84600e+00  -1.69160e+00  -1.60348e+00  -1.58109e+00  -1.62741e+00  -1.75095e+00  -1.96565e+00  -2.29199e+00  -2.75448e+00  -3.37321e+00  -4.16088e+00  -5.12353e+00  -6.25899e+00  -7.54361e+00  -8.90265e+00  -1.01548e+01  -1.09378e+01  -1.06919e+01  -8.81306e+00  -5.05987e+00  -4.92112e-03   5.05050e+00   8.80566e+00   1.06865e+01   1.09340e+01   1.01524e+01   8.90102e+00   7.54234e+00   6.25827e+00   5.12311e+00   4.16063e+00   3.37296e+00   2.75416e+00   2.29203e+00   1.96568e+00   1.75106e+00   1.62743e+00   1.58103e+00   1.60364e+00   1.69163e+00   1.84620e+00   2.07196e+00   2.38179e+00   2.80085e+00   3.37474e+00   4.16727e+00   5.24396e+00   6.62734e+00   8.19494e+00   9.56779e+00   1.02307e+01
   1.00000e-03  -9.06433e+00  -8.53626e+00  -7.49512e+00  -6.26723e+00  -5.12040e+00  -4.17187e+00  -3.43309e+00  -2.87131e+00  -2.44685e+00  -2.12762e+00  -1.89327e+00  -1.73264e+00  -1.64052e+00  -1.61538e+00  -1.66146e+00  -1.78539e+00  -2.00068e+00  -2.32542e+00  -2.78222e+00  -3.39341e+00  -4.17523e+00  -5.13576e+00  -6.27008e+00  -7.54567e+00  -8.87387e+00  -1.00590e+01  -1.07404e+01  -1.03943e+01  -8.48745e+00  -4.84164e+00  -3.26209e-03   4.83571e+00   8.48267e+00   1.03906e+01   1.07379e+01   1.00572e+01   8.87290e+00   7.54494e+00   6.26970e+00   5.13556e+00   4.17520e+00   3.39338e+00   2.78224e+00   2.32538e+00   2.00064e+00   1.78540e+00   1.66138e+00   1.61564e+00   1.64044e+00   1.73274e+00   1.89347e+00   2.12775e+00   2.44710e+00   2.87176e+00   3.43354e+00   4.17251e+00   5.12141e+00   6.26881e+00   7.49719e+00   8.53878e+00   9.06700e+00
   5.00000e-04  -8.41103e+00  -7.95127e+00  -7.08081e+00  -6.03746e+00  -5.02802e+00  -4.15970e+00  -3.45789e+00  -2.90776e+00  -2.48296e+00  -2.15962e+00  -1.92112e+00  -1.75703e+00  -1.66221e+00  -1.63607e+00  -1.68144e+00  -1.80572e+00  -2.02108e+00  -2.34489e+00  -2.79941e+00  -3.40705e+00  -4.18609e+00  -5.14588e+00  -6.27966e+00  -7.55078e+00  -8.86284e+00  -1.00121e+01  -1.06395e+01  -1.02396e+01  -8.31691e+00  -4.72593e+00  -1.53148e-03   4.72299e+00   8.31439e+00   1.02377e+01   1.06382e+01   1.00112e+01   8.86211e+00   7.55049e+00   6.27948e+00   5.14586e+00   4.18602e+00   3.40688e+00   2.79940e+00   2.34492e+00   2.02095e+00   1.80562e+00   1.68143e+00   1.63610e+00   1.66223e+00   1.75705e+00   1.92108e+00   2.15967e+00   2.48309e+00   2.90793e+00   3.45809e+00   4.16006e+00   5.02850e+00   6.03816e+00   7.08192e+00   7.95254e+00   8.41233e+00
   0.00000e+00  -8.20044e+00  -7.76169e+00  -6.94385e+00  -5.95892e+00  -4.99436e+00  -4.15314e+00  -3.46460e+00  -2.91888e+00  -2.49447e+00  -2.17002e+00  -1.93013e+00  -1.76492e+00  -1.66957e+00  -1.64283e+00  -1.68793e+00  -1.81211e+00  -2.02772e+00  -2.35142e+00  -2.80512e+00  -3.41172e+00  -4.19005e+00  -5.14962e+00  -6.28350e+00  -7.55302e+00  -8.85991e+00  -9.99777e+00  -1.06083e+01  -1.01911e+01  -8.26295e+00  -4.68874e+00   0.00000e+00   4.68874e+00   8.26295e+00   1.01911e+01   1.06083e+01   9.99780e+00   8.85991e+00   7.55302e+00   6.28349e+00   5.14963e+00   4.19006e+00   3.41172e+00   2.80513e+00   2.35141e+00   2.02771e+00   1.81211e+00   1.68793e+00   1.64283e+00   1.66957e+00   1.76492e+00   1.93013e+00   2.17002e+00   2.49447e+00   2.91888e+00   3.46460e+00   4.15314e+00   4.99440e+00   5.95889e+00   6.94384e+00   7.76165e+00   8.20046e+00
  -5.00000e-04  -8.41231e+00  -7.95254e+00  -7.08193e+00  -6.03816e+00  -5.02850e+00  -4.16005e+00  -3.45805e+00  -2.90793e+00  -2.48309e+00  -2.15967e+00  -1.92108e+00  -1.75705e+00  -1.66223e+00  -1.63610e+00  -1.68143e+00  -1.80563e+00  -2.02095e+00  -2.34492e+00  -2.79940e+00  -3.40694e+00  -4.18602e+00  -5.14583e+00  -6.27948e+00  -7.55049e+00  -8.86211e+00  -1.00112e+01  -1.06382e+01  -1.02377e+01  -8.31439e+00  -4.72299e+00   1.53147e-03   4.72593e+00   8.31687e+00   1.02396e+01   1.06395e+01   1.00121e+01   8.86284e+00   7.55078e+00   6.27967e+00   5.14588e+00   4.18597e+00   3.40705e+00   2.79947e+00   2.34489e+00   2.02108e+00   1.80572e+00   1.68144e+00   1.63608e+00   1.66221e+00   1.75703e+00   1.92112e+00   2.15963e+00   2.48299e+00   2.90776e+00   3.45793e+00   4.15970e+00   5.02803e+00   6.03746e+00   7.08075e+00   7.95130e+00   8.41102e+00
  -1.00000e-03  -9.06700e+00  -8.53881e+00  -7.49719e+00  -6.26881e+00  -5.12137e+00  -4.17251e+00  -3.43354e+00  -2.87176e+00  -2.44710e+00  -2.12775e+00  -1.89347e+00  -1.73274e+00  -1.64049e+00  -1.61559e+00  -1.66138e+00  -1.78540e+00  -2.00064e+00  -2.32538e+00  -2.78224e+00  -3.39337e+00  -4.17520e+00  -5.13556e+00  -6.26970e+00  -7.54494e+00  -8.87290e+00  -1.00571e+01  -1.07379e+01  -1.03906e+01  -8.48262e+00  -4.83571e+00   3.26209e-03   4.84164e+00   8.48745e+00   1.03943e+01   1.07404e+01   1.00590e+01   8.87387e+00   7.54567e+00   6.27008e+00   5.13585e+00   4.17531e+00   3.39344e+00   2.78225e+00   2.32542e+00   2.00064e+00   1.78539e+00   1.66146e+00   1.61538e+00   1.64052e+00   1.73264e+00   1.89327e+00   2.12762e+00   2.44685e+00   2.87130e+00   3.43309e+00   4.17198e+00   5.12038e+00   6.26724e+00   7.49511e+00   8.53620e+00   9.06433e+00
  -1.50000e-03  -1.02307e+01  -9.56780e+00  -8.19494e+00  -6.62735e+00  -5.24391e+00  -4.16727e+00  -3.37469e+00  -2.80081e+00  -2.38179e+00  -2.07200e+00  -1.84620e+00  -1.69163e+00  -1.60359e+00  -1.58103e+00  -1.62743e+00  -1.75117e+00  -1.96568e+00  -2.29204e+00  -2.75416e+00  -3.37296e+00  -4.16064e+00  -5.12311e+00  -6.25827e+00  -7.54234e+00  -8.90102e+00  -1.01524e+01  -1.09340e+01  -1.06865e+01  -8.80566e+00  -5.05045e+00   4.92112e-03   5.05987e+00   8.81306e+00   1.06919e+01   1.09378e+01   1.01548e+01   8.90255e+00   7.54361e+00   6.25898e+00   5.12353e+00   4.16086e+00   3.37321e+00   2.75442e+00   2.29200e+00   1.96565e+00   1.75095e+00   1.62741e+00   1.58109e+00   1.60348e+00   1.69160e+00   1.84600e+00   2.07194e+00   2.38173e+00   2.80046e+00   3.37420e+00   4.16636e+00   5.24238e+00   6.62501e+00   8.19164e+00   9.56387e+00   1.02266e+01
  -2.00000e-03  -1.20329e+01  -1.11277e+01  -9.17456e+00  -7.06357e+00  -5.34172e+00  -4.10255e+00  -3.25511e+00  -2.68079e+00  -2.28011e+00  -1.98923e+00  -1.77731e+00  -1.63278e+00  -1.55120e+00  -1.53217e+00  -1.57933e+00  -1.70158e+00  -1.91469e+00  -2.24322e+00  -2.71572e+00  -3.35000e+00  -4.14893e+00  -5.11504e+00  -6.25271e+00  -7.55169e+00  -8.96140e+00  -1.03248e+01  -1.12757e+01  -1.11970e+01  -9.36085e+00  -5.41567e+00   7.10957e-03   5.42871e+00   9.37116e+00   1.12043e+01   1.12806e+01   1.03279e+01   8.96365e+00   7.55285e+00   6.25339e+00   5.11548e+00   4.14909e+00   3.34994e+00   2.71583e+00   2.24326e+00   1.91467e+00   1.70162e+00   1.57932e+00   1.53204e+00   1.55096e+00   1.63268e+00   1.77713e+00   1.98900e+00   2.28000e+00   2.68048e+00   3.25442e+00   4.10163e+00   5.33976e+00   7.06057e+00   9.17020e+00   1.11223e+01   1.20272e+01
  -2.50000e-03  -1.47058e+01  -1.33644e+01  -1.04087e+01  -7.47851e+00  -5.32538e+00  -3.91709e+00  -3.03629e+00  -2.49193e+00  -2.13466e+00  -1.87590e+00  -1.68530e+00  -1.55477e+00  -1.48257e+00  -1.46834e+00  -1.51640e+00  -1.63582e+00  -1.84459e+00  -2.17539e+00  -2.66662e+00  -3.33005e+00  -4.14867e+00  -5.12050e+00  -6.26140e+00  -7.58262e+00  -9.07168e+00  -1.06143e+01  -1.18401e+01  -1.20455e+01  -1.02952e+01  -6.02253e+00   9.51687e-03   6.03955e+00   1.03080e+01   1.20542e+01   1.18459e+01   1.06180e+01   9.07402e+00   7.58410e+00   6.26235e+00   5.12087e+00   4.14898e+00   3.33011e+00   2.66661e+00   2.17524e+00   1.84478e+00   1.63588e+00   1.51640e+00   1.46834e+00   1.48240e+00   1.55461e+00   1.68496e+00   1.87553e+00   2.13438e+00   2.49165e+00   3.03575e+00   3.91564e+00   5.32328e+00   7.47485e+00   1.04030e+01   1.33571e+01   1.46982e+01
  -3.00000e-03  -1.86700e+01  -1.65081e+01  -1.17889e+01  -7.68731e+00  -5.06056e+00  -3.52721e+00  -2.66970e+00  -2.21226e+00  -1.93834e+00  -1.72957e+00  -1.56741e+00  -1.45627e+00  -1.39654e+00  -1.38956e+00  -1.43864e+00  -1.55230e+00  -1.75166e+00  -2.08125e+00  -2.60493e+00  -3.32376e+00  -4.17429e+00  -5.15172e+00  -6.29519e+00  -7.64473e+00  -9.24770e+00  -1.10715e+01  -1.27390e+01  -1.34343e+01  -1.18851e+01  -7.04533e+00   1.21001e-02   7.06700e+00   1.19005e+01   1.34444e+01   1.27453e+01   1.10755e+01   9.25021e+00   7.64633e+00   6.29622e+00   5.15229e+00   4.17467e+00   3.32399e+00   2.60502e+00   2.08116e+00   1.75140e+00   1.55250e+00   1.43839e+00   1.38961e+00   1.39657e+00   1.45632e+00   1.56747e+00   1.72934e+00   1.93823e+00   2.21193e+00   2.66906e+00   3.52589e+00   5.05822e+00   7.68321e+00   1.17822e+01   1.64987e+01   1.86601e+01
  -3.50000e-03  -2.47343e+01  -2.09094e+01  -1.29922e+01  -7.36463e+00  -4.36090e+00  -2.83064e+00  -2.09491e+00  -1.82076e+00  -1.69079e+00  -1.54923e+00  -1.42273e+00  -1.33600e+00  -1.29329e+00  -1.29574e+00  -1.34607e+00  -1.45064e+00  -1.62960e+00  -1.94590e+00  -2.52474e+00  -3.35060e+00  -4.24581e+00  -5.22209e+00  -6.36417e+00  -7.74125e+00  -9.49311e+00  -1.17546e+01  -1.41216e+01  -1.56743e+01  -1.46654e+01  -8.83687e+00   1.63820e-02   8.86487e+00   1.46840e+01   1.56856e+01   1.41280e+01   1.17587e+01   9.49617e+00   7.74313e+00   6.36547e+00   5.22271e+00   4.24579e+00   3.35074e+00   2.52482e+00   1.94606e+00   1.62976e+00   1.45065e+00   1.34599e+00   1.29575e+00   1.29303e+00   1.33569e+00   1.42266e+00   1.54893e+00   1.69045e+00   1.82048e+00   2.09415e+00   2.82948e+00   4.35868e+00   7.36002e+00   1.29838e+01   2.08967e+01   2.47208e+01
  -4.00000e-03  -3.46148e+01  -2.70191e+01  -1.31590e+01  -5.98482e+00  -2.99642e+00  -1.71484e+00  -1.23569e+00  -1.30474e+00  -1.40526e+00  -1.33627e+00  -1.24850e+00  -1.19248e+00  -1.17191e+00  -1.18756e+00  -1.24010e+00  -1.33187e+00  -1.47330e+00  -1.74011e+00  -2.40655e+00  -3.45143e+00  -4.39107e+00  -5.34672e+00  -6.48013e+00  -7.86936e+00  -9.77526e+00  -1.27279e+01  -1.61681e+01  -1.91994e+01  -1.96945e+01  -1.22089e+01   2.62631e-02   1.22492e+01   1.97160e+01   1.92114e+01   1.61747e+01   1.27318e+01   9.77824e+00   7.87134e+00   6.48117e+00   5.34710e+00   4.39134e+00   3.45108e+00   2.40665e+00   1.74010e+00   1.47331e+00   1.33171e+00   1.24009e+00   1.18760e+00   1.17142e+00   1.19195e+00   1.24829e+00   1.33562e+00   1.40468e+00   1.30421e+00   1.23508e+00   1.71363e+00   2.99421e+00   5.97998e+00   1.31486e+01   2.69983e+01   3.45931e+01
  -4.50000e-03  -5.24907e+01  -3.47884e+01  -1.02392e+01  -2.82945e+00  -7.36705e-01  -8.08513e-02   1.53268e-02  -6.80502e-01  -1.12035e+00  -1.09064e+00  -1.04178e+00  -1.02373e+00  -1.03284e+00  -1.06652e+00  -1.12420e+00  -1.20054e+00  -1.28402e+00  -1.41146e+00  -2.18500e+00  -3.72673e+00  -4.64249e+00  -5.53702e+00  -6.65735e+00  -8.02485e+00  -9.95647e+00  -1.40882e+01  -1.90580e+01  -2.44785e+01  -2.89737e+01  -1.95853e+01   7.54598e-02   1.96831e+01   2.90028e+01   2.44926e+01   1.90654e+01   1.40914e+01   9.96072e+00   8.02735e+00   6.65878e+00   5.53756e+00   4.64281e+00   3.72587e+00   2.18525e+00   1.41206e+00   1.28393e+00   1.20061e+00   1.12383e+00   1.06621e+00   1.03219e+00   1.02304e+00   1.04088e+00   1.08977e+00   1.11916e+00   6.79610e-01  -1.69137e-02   7.83021e-02   7.32221e-01   2.82119e+00   1.02199e+01   3.47204e+01   5.24244e+01
  -5.00000e-03  -9.00718e+01  -3.76882e+01  -3.48501e-01   2.78368e+00   2.56327e+00   2.11118e+00   1.84380e+00  -1.11763e-01  -8.92380e-01  -8.03807e-01  -7.97569e-01  -8.28696e-01  -8.76088e-01  -9.34760e-01  -1.00287e+00  -1.06739e+00  -1.08082e+00  -9.10876e-01  -1.55624e+00  -4.42908e+00  -5.01264e+00  -5.79404e+00  -6.91483e+00  -8.24208e+00  -9.57960e+00  -1.62143e+01  -2.28809e+01  -3.17055e+01  -4.53968e+01  -4.24729e+01   4.19657e-01   4.29817e+01   4.54651e+01   3.17363e+01   2.28968e+01   1.62126e+01   9.59722e+00   8.24937e+00   6.91890e+00   5.79636e+00   5.01305e+00   4.42555e+00   1.55920e+00   9.13289e-01   1.08101e+00   1.06647e+00   1.00117e+00   9.32239e-01   8.73001e-01   8.25079e-01   7.93124e-01   7.97608e-01   8.84937e-01   1.08469e-01  -1.84942e+00  -2.12284e+00  -2.58177e+00  -2.81655e+00   2.73436e-01   3.72599e+01   8.96479e+01
  -5.50000e-03  -1.65513e+02   3.22486e+01   1.98810e+01   1.09339e+01   6.85586e+00   4.78884e+00   4.35251e+00  -1.75109e+00  -6.66088e-01  -4.51892e-01  -5.12584e-01  -6.08817e-01  -7.03618e-01  -7.93941e-01  -8.78637e-01  -9.40474e-01  -9.02223e-01  -3.69781e-01   2.71431e+00  -5.86064e+00  -5.44208e+00  -6.09689e+00  -7.25807e+00  -8.65099e+00  -7.82853e+00  -2.13646e+01  -2.73681e+01  -4.02111e+01  -6.92606e+01  -1.54584e+02   2.78129e+00   1.56894e+02   6.95935e+01   4.03842e+01   2.74608e+01   2.12921e+01   8.01286e+00   8.70589e+00   7.28910e+00   6.11326e+00   5.44400e+00   5.82833e+00  -2.62033e+00   3.96867e-01   9.10321e-01   9.40562e-01   8.71413e-01   7.81675e-01   6.86123e-01   5.84983e-01   4.82756e-01   4.13219e-01   6.11809e-01   1.71836e+00  -4.36856e+00  -4.84298e+00  -6.94728e+00  -1.10966e+01  -2.02386e+01  -3.45213e+01   1.62272e+02
  -6.00000e-03  -1.16967e+02   2.11561e+02   4.66613e+01   2.14522e+01   1.22796e+01   7.94386e+00   6.30145e+00  -2.99514e-01   9.02517e-02   3.03039e-02  -1.95928e-01  -4.05114e-01  -5.84786e-01  -7.45167e-01  -8.96191e-01  -1.03205e+00  -1.10075e+00  -8.32587e-01  -7.72988e-01  -7.08267e+00  -6.64229e+00  -7.56893e+00  -9.17876e+00  -1.14122e+01  -1.43096e+01  -3.11581e+01  -3.72477e+01  -5.60232e+01  -1.02377e+02  -3.19848e+02   1.34851e+01   3.24485e+02   1.02435e+02   5.59203e+01   3.74642e+01   3.17649e+01   1.38314e+01   1.11601e+01   9.10193e+00   7.60875e+00   6.80105e+00   7.46357e+00   7.87289e-01   5.55003e-01   9.46762e-01   9.29227e-01   8.20656e-01   6.84447e-01   5.32145e-01   3.56845e-01   1.51941e-01  -6.17570e-02  -6.77062e-02   4.46552e-01  -6.81470e+00  -8.40471e+00  -1.27674e+01  -2.20026e+01  -4.74772e+01  -2.11903e+02   1.06670e+02
  -6.50000e-03  -4.01946e+01   1.64761e+02   6.09316e+01   2.91039e+01   1.64005e+01   1.02314e+01   6.99057e+00   3.02426e+00   1.12251e+00   5.59695e-01   1.51071e-01  -1.64448e-01  -4.18543e-01  -6.37052e-01  -8.43029e-01  -1.04518e+00  -1.24241e+00  -1.48221e+00  -3.07786e+00  -6.38270e+00  -6.81930e+00  -7.97964e+00  -9.89705e+00  -1.28438e+01  -1.85192e+01  -3.06085e+01  -4.06909e+01  -6.16594e+01  -1.08814e+02  -2.25954e+02   1.74777e+01   2.26741e+02   1.10798e+02   6.23137e+01   4.12321e+01   3.10373e+01   1.84618e+01   1.26353e+01   9.83462e+00   8.03302e+00   6.98780e+00   6.67759e+00   3.50879e+00   1.22216e+00   1.06617e+00   9.19023e-01   7.42606e-01   5.50686e-01   3.35439e-01   7.95209e-02  -2.41954e-01  -6.56833e-01  -1.21442e+00  -3.37619e+00  -7.66299e+00  -1.10534e+01  -1.74870e+01  -3.07270e+01  -6.39906e+01  -1.64662e+02   2.93746e+01
  -7.00000e-03  -1.82408e+01   1.25654e+02   6.53249e+01   3.44601e+01   1.97368e+01   1.21319e+01   7.75238e+00   4.13887e+00   2.05914e+00   1.07697e+00   4.81952e-01   6.10212e-02  -2.64072e-01  -5.40534e-01  -8.01195e-01  -1.07519e+00  -1.40882e+00  -1.99998e+00  -3.22633e+00  -5.81409e+00  -6.89259e+00  -8.33398e+00  -1.05507e+01  -1.40329e+01  -2.00089e+01  -3.06102e+01  -4.25694e+01  -6.36424e+01  -1.03220e+02  -1.71821e+02   1.69059e+01   1.62994e+02   1.06216e+02   6.50018e+01   4.34593e+01   3.11038e+01   2.02610e+01   1.39790e+01   1.05622e+01   8.42097e+00   7.05391e+00   6.00927e+00   3.73049e+00   1.82225e+00   1.25633e+00   9.54521e-01   6.98507e-01   4.45533e-01   1.66973e-01  -1.68611e-01  -6.08603e-01  -1.23277e+00  -2.26892e+00  -4.65658e+00  -8.51957e+00  -1.32094e+01  -2.12961e+01  -3.69161e+01  -6.95901e+01  -1.24263e+02   8.42397e+00
  -7.50000e-03  -8.48316e+00   1.08020e+02   6.54199e+01   3.75675e+01   2.20634e+01   1.35482e+01   8.50998e+00   4.91465e+00   2.78387e+00   1.54134e+00   7.86600e-01   2.67942e-01  -1.25762e-01  -4.57595e-01  -7.73440e-01  -1.11880e+00  -1.56931e+00  -2.32396e+00  -3.27479e+00  -5.54544e+00  -6.93935e+00  -8.64001e+00  -1.11189e+01  -1.49280e+01  -2.08436e+01  -3.09034e+01  -4.32338e+01  -6.29187e+01  -9.37878e+01  -1.38161e+02   1.61564e+01   1.28368e+02   9.70236e+01   6.47086e+01   4.43965e+01   3.15422e+01   2.12966e+01   1.50177e+01   1.12090e+01   8.76378e+00   7.09732e+00   5.69753e+00   3.80884e+00   2.20627e+00   1.44508e+00   1.00902e+00   6.73536e-01   3.58120e-01   1.73971e-02  -3.93996e-01  -9.43360e-01  -1.74773e+00  -3.08370e+00  -5.53564e+00  -9.37610e+00  -1.48249e+01  -2.39862e+01  -4.06091e+01  -7.02686e+01  -1.06555e+02  -4.38807e-01
# Vertical Kick [micro-rad]
START
                -3.00000e-02  -2.90000e-02  -2.80000e-02  -2.70000e-02  -2.60000e-02  -2.50000e-02  -2.40000e-02  -2.30000e-02  -2.20000e-02  -2.10000e-02  -2.00000e-02  -1.90000e-02  -1.80000e-02  -1.70000e-02  -1.60000e-02  -1.50000e-02  -1.40000e-02  -1.30000e-02  -1.20000e-02  -1.10000e-02  -1.00000e-02  -9.00000e-03  -8.00000e-03  -7.00000e-03  -6.00000e-03  -5.00000e-03  -4.00000e-03  -3.00000e-03  -2.00000e-03  -1.00000e-03   0.00000e+00   1.00000e-03   2.00000e-03   3.00000e-03   4.00000e-03   5.00000e-03   6.00000e-03   7.00000e-03   8.00000e-03   9.00000e-03   1.00000e-02   1.10000e-02   1.20000e-02   1.30000e-02   1.40000e-02   1.50000e-02   1.60000e-02   1.70000e-02   1.80000e-02   1.90000e-02   2.00000e-02   2.10000e-02   2.20000e-02   2.30000e-02   2.40000e-02   2.50000e-02   2.60000e-02   2.70000e-02   2.80000e-02   2.90000e-02   3.00000e-02
   7.50000e-03   2.58181e+01  -1.39231e+01  -2.41978e+01  -2.06343e+01  -1.57693e+01  -1.23752e+01  -1.03414e+01  -8.84737e+00  -7.34211e+00  -6.17485e+00  -5.40037e+00  -4.88120e+00  -4.53359e+00  -4.31557e+00  -4.21838e+00  -4.25605e+00  -4.48578e+00  -4.97801e+00  -5.44218e+00  -5.22089e+00  -5.05042e+00  -5.42486e+00  -6.33038e+00  -7.82071e+00  -9.66422e+00  -1.09212e+01  -1.17853e+01  -1.14017e+01  -2.13280e+00   3.39452e+01   6.63060e+01   3.62965e+01   1.23136e+00  -8.42626e+00  -9.34679e+00  -8.83822e+00  -7.90042e+00  -6.37012e+00  -5.08452e+00  -4.29427e+00  -3.96229e+00  -4.10417e+00  -4.31190e+00  -3.93295e+00  -3.51811e+00  -3.32805e+00  -3.30582e+00  -3.40400e+00  -3.60864e+00  -3.93093e+00  -4.40607e+00  -5.10690e+00  -6.15120e+00  -7.48398e+00  -8.81319e+00  -1.05916e+01  -1.35137e+01  -1.75898e+01  -2.01484e+01  -9.44423e+00   2.61475e+01
   7.00000e-03   3.78983e+01  -1.82185e+01  -3.68194e+01  -2.78420e+01  -1.96375e+01  -1.45440e+01  -1.18174e+01  -1.01025e+01  -7.93482e+00  -6.48342e+00  -5.60000e+00  -5.01875e+00  -4.62641e+00  -4.37275e+00  -4.24182e+00  -4.25049e+00  -4.47715e+00  -5.13876e+00  -6.03721e+00  -5.31090e+00  -4.91257e+00  -5.34002e+00  -6.38278e+00  -8.23796e+00  -1.09925e+01  -1.24193e+01  -1.43571e+01  -1.74348e+01  -1.33232e+01   3.55099e+01   9.63084e+01   4.01145e+01  -8.07461e+00  -1.33734e+01  -1.11605e+01  -9.62448e+00  -8.57275e+00  -6.23075e+00  -4.60111e+00  -3.67614e+00  -3.28560e+00  -3.60950e+00  -4.26288e+00  -3.51959e+00  -2.95368e+00  -2.76256e+00  -2.76388e+00  -2.88953e+00  -3.12545e+00  -3.48644e+00  -4.01697e+00  -4.81584e+00  -6.11378e+00  -8.02662e+00  -9.54601e+00  -1.19576e+01  -1.64219e+01  -2.35224e+01  -3.08826e+01  -1.19668e+01   3.82370e+01
   6.50000e-03   6.12345e+01  -3.95621e+01  -5.33085e+01  -3.45723e+01  -2.30187e+01  -1.64586e+01  -1.31933e+01  -1.19859e+01  -8.56252e+00  -6.93302e+00  -5.98919e+00  -5.35902e+00  -4.92409e+00  -4.62988e+00  -4.45574e+00  -4.41063e+00  -4.57537e+00  -5.32097e+00  -7.52724e+00  -5.29334e+00  -4.79279e+00  -5.33183e+00  -6.45965e+00  -8.56102e+00  -1.28976e+01  -1.34324e+01  -1.65730e+01  -2.42424e+01  -3.18015e+01   2.14967e+01   1.45522e+02   3.35660e+01  -2.08505e+01  -1.56105e+01  -9.09899e+00  -6.30400e+00  -6.15895e+00  -2.33026e+00  -4.18944e-01   6.11265e-01   1.11333e+00   7.14101e-01  -1.28325e+00   6.01108e-01   1.27130e+00   1.42656e+00   1.39254e+00   1.23948e+00   9.77163e-01   5.87227e-01   2.23508e-02  -8.23548e-01  -2.27766e+00  -5.28385e+00  -6.28548e+00  -9.15655e+00  -1.49146e+01  -2.50236e+01  -4.11171e+01  -2.53415e+01   6.13450e+01
   6.00000e-03   8.25302e+01  -1.53891e+02  -7.99381e+01  -5.00161e+01  -3.59100e+01  -2.81925e+01  -2.39425e+01  -2.56072e+01  -1.88764e+01  -1.73431e+01  -1.63551e+01  -1.56518e+01  -1.51399e+01  -1.47660e+01  -1.45044e+01  -1.43474e+01  -1.43280e+01  -1.47113e+01  -2.16330e+01  -1.39625e+01  -1.42258e+01  -1.49311e+01  -1.60114e+01  -1.79277e+01  -2.38128e+01  -2.03463e+01  -2.70084e+01  -3.90350e+01  -6.26971e+01  -9.29827e+01   1.36575e+02  -1.99600e+01   5.17186e+00   2.73932e+01   3.91429e+01   4.56710e+01   4.19969e+01   4.83039e+01   5.05246e+01   5.17448e+01   5.24501e+01   5.25618e+01   4.49842e+01   5.18006e+01   5.24331e+01   5.25836e+01   5.25520e+01   5.23930e+01   5.21125e+01   5.16905e+01   5.10834e+01   5.01989e+01   4.87701e+01   4.24463e+01   4.48602e+01   4.14253e+01   3.47993e+01   2.23399e+01  -4.45681e+00  -6.97610e+01   8.09353e+01
   5.50000e-03  -1.88917e+01  -2.62181e+02  -1.26843e+02  -9.62253e+01  -8.27257e+01  -7.52065e+01  -7.00642e+01  -6.26342e+01  -6.56126e+01  -6.46421e+01  -6.38229e+01  -6.31970e+01  -6.27194e+01  -6.23462e+01  -6.20470e+01  -6.17940e+01  -6.15506e+01  -6.11639e+01  -5.53627e+01  -5.98238e+01  -6.12870e+01  -6.20035e+01  -6.27628e+01  -6.38531e+01  -6.49401e+01  -6.20084e+01  -7.21303e+01  -8.48441e+01  -1.15223e+02  -2.65970e+02  -1.61038e+02  -3.18025e+02  -1.68451e+02  -1.39126e+02  -1.27031e+02  -1.17099e+02  -1.19846e+02  -1.19265e+02  -1.18408e+02  -1.17778e+02  -1.17106e+02  -1.15573e+02  -1.10501e+02  -1.16790e+02  -1.17287e+02  -1.17574e+02  -1.17831e+02  -1.18107e+02  -1.18431e+02  -1.18835e+02  -1.19362e+02  -1.20050e+02  -1.20838e+02  -1.17490e+02  -1.25315e+02  -1.30414e+02  -1.37765e+02  -1.50931e+02  -1.80853e+02  -3.14666e+02  -2.10161e+01
   5.00000e-03  -5.71234e+01  -1.51869e+02  -1.13326e+02  -9.25888e+01  -8.21843e+01  -7.60509e+01  -7.15781e+01  -6.79970e+01  -6.79867e+01  -6.73827e+01  -6.67769e+01  -6.62903e+01  -6.59077e+01  -6.56000e+01  -6.53376e+01  -6.50863e+01  -6.47771e+01  -6.41245e+01  -6.18726e+01  -6.30197e+01  -6.43532e+01  -6.50200e+01  -6.56075e+01  -6.62547e+01  -6.60484e+01  -6.64884e+01  -7.37745e+01  -8.53960e+01  -1.11700e+02  -1.82261e+02  -1.77785e+02  -1.86113e+02  -1.16130e+02  -8.99441e+01  -7.83825e+01  -7.11122e+01  -7.06771e+01  -7.09256e+01  -7.02956e+01  -6.97185e+01  -6.90562e+01  -6.77184e+01  -6.65465e+01  -6.88231e+01  -6.94815e+01  -6.97908e+01  -7.00387e+01  -7.02949e+01  -7.05936e+01  -7.09637e+01  -7.14348e+01  -7.20206e+01  -7.25994e+01  -7.25800e+01  -7.61601e+01  -8.06026e+01  -8.66853e+01  -9.70069e+01  -1.17584e+02  -1.55493e+02  -5.76272e+01
   4.50000e-03  -4.91572e+01  -9.13054e+01  -8.77312e+01  -7.73695e+01  -7.04122e+01  -6.58191e+01  -6.24353e+01  -6.01372e+01  -5.94044e+01  -5.88663e+01  -5.83724e+01  -5.79649e+01  -5.76354e+01  -5.73612e+01  -5.71163e+01  -5.68675e+01  -5.65459e+01  -5.59660e+01  -5.50178e+01  -5.52910e+01  -5.60664e+01  -5.65860e+01  -5.70187e+01  -5.74306e+01  -5.75911e+01  -5.88758e+01  -6.39013e+01  -7.31255e+01  -9.12166e+01  -1.19665e+02  -1.24593e+02  -1.20087e+02  -9.17414e+01  -7.36664e+01  -6.44496e+01  -5.94254e+01  -5.81422e+01  -5.79868e+01  -5.75772e+01  -5.71455e+01  -5.66264e+01  -5.58505e+01  -5.55751e+01  -5.65263e+01  -5.71065e+01  -5.74279e+01  -5.76763e+01  -5.79200e+01  -5.81928e+01  -5.85205e+01  -5.89255e+01  -5.94173e+01  -5.99513e+01  -6.06804e+01  -6.29765e+01  -6.63556e+01  -7.09405e+01  -7.78849e+01  -8.82213e+01  -9.16918e+01  -4.92467e+01
   4.00000e-03  -3.90178e+01  -6.17146e+01  -6.63534e+01  -6.27029e+01  -5.87192e+01  -5.55984e+01  -5.32017e+01  -5.15681e+01  -5.07593e+01  -5.02482e+01  -4.98300e+01  -4.94850e+01  -4.92002e+01  -4.89563e+01  -4.87322e+01  -4.84986e+01  -4.82053e+01  -4.77750e+01  -4.72962e+01  -4.73396e+01  -4.77306e+01  -4.80775e+01  -4.83736e+01  -4.86589e+01  -4.90035e+01  -5.02731e+01  -5.38190e+01  -6.04382e+01  -7.16102e+01  -8.45443e+01  -8.82513e+01  -8.46083e+01  -7.16959e+01  -6.05276e+01  -5.39088e+01  -5.03626e+01  -4.90934e+01  -4.87495e+01  -4.84646e+01  -4.81685e+01  -4.78215e+01  -4.74299e+01  -4.73864e+01  -4.78653e+01  -4.82964e+01  -4.85891e+01  -4.88229e+01  -4.90468e+01  -4.92900e+01  -4.95749e+01  -4.99192e+01  -5.03376e+01  -5.08480e+01  -5.16561e+01  -5.32896e+01  -5.56858e+01  -5.88062e+01  -6.27888e+01  -6.64355e+01  -6.17792e+01  -3.90434e+01
   3.50000e-03  -3.07690e+01  -4.45465e+01  -5.02577e+01  -5.00092e+01  -4.81530e+01  -4.62498e+01  -4.46473e+01  -4.34860e+01  -4.27864e+01  -4.23304e+01  -4.19766e+01  -4.16872e+01  -4.14442e+01  -4.12324e+01  -4.10334e+01  -4.08256e+01  -4.05791e+01  -4.02707e+01  -3.99867e+01  -3.99532e+01  -4.01288e+01  -4.03298e+01  -4.05130e+01  -4.07089e+01  -4.10523e+01  -4.20708e+01  -4.45300e+01  -4.89824e+01  -5.56380e+01  -6.22044e+01  -6.44538e+01  -6.22242e+01  -5.56679e+01  -4.90156e+01  -4.45642e+01  -4.21048e+01  -4.10863e+01  -4.07435e+01  -4.05474e+01  -4.03643e+01  -4.01632e+01  -3.99876e+01  -4.00207e+01  -4.03051e+01  -4.06134e+01  -4.08597e+01  -4.10677e+01  -4.12666e+01  -4.14784e+01  -4.17212e+01  -4.20107e+01  -4.23640e+01  -4.28204e+01  -4.35197e+01  -4.46811e+01  -4.62839e+01  -4.81872e+01  -5.00434e+01  -5.02904e+01  -4.45734e+01  -3.07859e+01
   3.00000e-03  -2.41810e+01  -3.31641e+01  -3.81806e+01  -3.93566e+01  -3.88162e+01  -3.78062e+01  -3.68048e+01  -3.60078e+01  -3.54616e+01  -3.50825e+01  -3.47906e+01  -3.45517e+01  -3.43493e+01  -3.41694e+01  -3.39991e+01  -3.38224e+01  -3.36240e+01  -3.34015e+01  -3.32102e+01  -3.31482e+01  -3.32074e+01  -3.33035e+01  -3.33998e+01  -3.35202e+01  -3.37840e+01  -3.45152e+01  -3.61628e+01  -3.90365e+01  -4.29859e+01  -4.65906e+01  -4.79272e+01  -4.66029e+01  -4.30062e+01  -3.90605e+01  -3.61887e+01  -3.45416e+01  -3.38102e+01  -3.35471e+01  -3.34269e+01  -3.33306e+01  -3.32349e+01  -3.31756e+01  -3.32374e+01  -3.34283e+01  -3.36511e+01  -3.38494e+01  -3.40262e+01  -3.41966e+01  -3.43763e+01  -3.45788e+01  -3.48175e+01  -3.51091e+01  -3.54885e+01  -3.60349e+01  -3.68316e+01  -3.78330e+01  -3.88432e+01  -3.93830e+01  -3.82054e+01  -3.31851e+01  -2.41965e+01
   2.50000e-03  -1.87812e+01  -2.48685e+01  -2.88602e+01  -3.04473e+01  -3.06105e+01  -3.01872e+01  -2.96142e+01  -2.90942e+01  -2.86955e+01  -2.83989e+01  -2.81670e+01  -2.79751e+01  -2.78109e+01  -2.76630e+01  -2.75225e+01  -2.73784e+01  -2.72230e+01  -2.70602e+01  -2.69215e+01  -2.68516e+01  -2.68504e+01  -2.68787e+01  -2.69135e+01  -2.69717e+01  -2.71411e+01  -2.76233e+01  -2.86841e+01  -3.04873e+01  -3.28470e+01  -3.49309e+01  -3.57357e+01  -3.49404e+01  -3.28636e+01  -3.05083e+01  -2.87071e+01  -2.76474e+01  -2.71661e+01  -2.69973e+01  -2.69391e+01  -2.69046e+01  -2.68764e+01  -2.68774e+01  -2.69472e+01  -2.70861e+01  -2.72490e+01  -2.74039e+01  -2.75482e+01  -2.76890e+01  -2.78366e+01  -2.80009e+01  -2.81924e+01  -2.84246e+01  -2.87209e+01  -2.91195e+01  -2.96396e+01  -3.02126e+01  -3.06356e+01  -3.04717e+01  -2.88825e+01  -2.48879e+01  -1.87963e+01
   2.00000e-03  -1.42118e+01  -1.83808e+01  -2.13876e+01  -2.29041e+01  -2.33626e+01  -2.32788e+01  -2.29880e+01  -2.26685e+01  -2.23945e+01  -2.21761e+01  -2.19995e+01  -2.18517e+01  -2.17236e+01  -2.16071e+01  -2.14961e+01  -2.13835e+01  -2.12660e+01  -2.11471e+01  -2.10438e+01  -2.09769e+01  -2.09485e+01  -2.09391e+01  -2.09355e+01  -2.09496e+01  -2.10402e+01  -2.13327e+01  -2.19871e+01  -2.30929e+01  -2.45088e+01  -2.57494e+01  -2.62407e+01  -2.57575e+01  -2.45235e+01  -2.31118e+01  -2.20087e+01  -2.13558e+01  -2.10642e+01  -2.09744e+01  -2.09606e+01  -2.09644e+01  -2.09737e+01  -2.10026e+01  -2.10691e+01  -2.11725e+01  -2.12916e+01  -2.14091e+01  -2.15214e+01  -2.16326e+01  -2.17488e+01  -2.18769e+01  -2.20246e+01  -2.22011e+01  -2.24196e+01  -2.26934e+01  -2.30129e+01  -2.33035e+01  -2.33866e+01  -2.29271e+01  -2.14088e+01  -1.83992e+01  -1.42266e+01
   1.50000e-03  -1.02178e+01  -1.30092e+01  -1.51438e+01  -1.63717e+01  -1.68734e+01  -1.69476e+01  -1.68248e+01  -1.66425e+01  -1.64663e+01  -1.63156e+01  -1.61896e+01  -1.60824e+01  -1.59885e+01  -1.59026e+01  -1.58204e+01  -1.57379e+01  -1.56533e+01  -1.55692e+01  -1.54943e+01  -1.54384e+01  -1.54026e+01  -1.53777e+01  -1.53561e+01  -1.53452e+01  -1.53828e+01  -1.55452e+01  -1.59290e+01  -1.65863e+01  -1.74269e+01  -1.81666e+01  -1.84648e+01  -1.81739e+01  -1.74401e+01  -1.66040e+01  -1.59496e+01  -1.55675e+01  -1.54063e+01  -1.53695e+01  -1.53807e+01  -1.54025e+01  -1.54277e+01  -1.54635e+01  -1.55195e+01  -1.55945e+01  -1.56787e+01  -1.57633e+01  -1.58456e+01  -1.59279e+01  -1.60136e+01  -1.61074e+01  -1.62146e+01  -1.63404e+01  -1.64910e+01  -1.66672e+01  -1.68493e+01  -1.69716e+01  -1.68969e+01  -1.63939e+01  -1.51642e+01  -1.30270e+01  -1.02325e+01
   1.00000e-03  -6.61143e+00  -8.33327e+00  -9.69747e+00  -1.05439e+01  -1.09424e+01  -1.10522e+01  -1.10147e+01  -1.09206e+01  -1.08178e+01  -1.07246e+01  -1.06440e+01  -1.05744e+01  -1.05128e+01  -1.04562e+01  -1.04020e+01  -1.03481e+01  -1.02935e+01  -1.02394e+01  -1.01901e+01  -1.01501e+01  -1.01198e+01  -1.00948e+01  -1.00712e+01  -1.00530e+01  -1.00624e+01  -1.01432e+01  -1.03512e+01  -1.07164e+01  -1.11878e+01  -1.16069e+01  -1.17785e+01  -1.16134e+01  -1.12002e+01  -1.07331e+01  -1.03710e+01  -1.01650e+01  -1.00855e+01  -1.00771e+01  -1.00955e+01  -1.01195e+01  -1.01448e+01  -1.01749e+01  -1.02150e+01  -1.02644e+01  -1.03184e+01  -1.03730e+01  -1.04271e+01  -1.04812e+01  -1.05377e+01  -1.05992e+01  -1.06687e+01  -1.07490e+01  -1.08423e+01  -1.09449e+01  -1.10387e+01  -1.10759e+01  -1.09653e+01  -1.05655e+01  -9.71720e+00  -8.35048e+00  -6.62593e+00
   5.00000e-04  -3.24477e+00  -4.06699e+00  -4.73102e+00  -5.15970e+00  -5.37572e+00  -5.44774e+00  -5.44176e+00  -5.40297e+00  -5.35614e+00  -5.31171e+00  -5.27249e+00  -5.23816e+00  -5.20794e+00  -5.17978e+00  -5.15310e+00  -5.12618e+00  -5.09931e+00  -5.07272e+00  -5.04822e+00  -5.02747e+00  -5.01053e+00  -4.99582e+00  -4.98114e+00  -4.96894e+00  -4.96863e+00  -5.00110e+00  -5.09171e+00  -5.25453e+00  -5.46748e+00  -5.65858e+00  -5.73813e+00  -5.66484e+00  -5.47937e+00  -5.27081e+00  -5.11103e+00  -5.02256e+00  -4.99144e+00  -4.99248e+00  -5.00531e+00  -5.02029e+00  -5.03527e+00  -5.05234e+00  -5.07325e+00  -5.09774e+00  -5.12427e+00  -5.15121e+00  -5.17790e+00  -5.20472e+00  -5.23263e+00  -5.26304e+00  -5.29705e+00  -5.33619e+00  -5.38052e+00  -5.42710e+00  -5.46572e+00  -5.47122e+00  -5.39824e+00  -5.18107e+00  -4.75042e+00  -4.08405e+00  -3.25920e+00
   0.00000e+00   7.18900e-03   8.48349e-03   9.62530e-03   1.05397e-02   1.12631e-02   1.15993e-02   1.18895e-02   1.19886e-02   1.22102e-02   1.22016e-02   1.23114e-02   1.23900e-02   1.23535e-02   1.24906e-02   1.24442e-02   1.24494e-02   1.25899e-02   1.23728e-02   1.24312e-02   1.24519e-02   1.23213e-02   1.22878e-02   1.20201e-02   1.17565e-02   1.12747e-02   1.05355e-02   9.55192e-03   7.85555e-03   5.94533e-03   3.05665e-03   1.33583e-09  -3.05665e-03  -5.94533e-03  -7.85555e-03  -9.55193e-03  -1.05355e-02  -1.12446e-02  -1.17993e-02  -1.20201e-02  -1.22878e-02  -1.23213e-02  -1.24585e-02  -1.24284e-02  -1.24298e-02  -1.26451e-02  -1.24487e-02  -1.24438e-02  -1.24910e-02  -1.23536e-02  -1.23899e-02  -1.23116e-02  -1.22020e-02  -1.22108e-02  -1.19848e-02  -1.18901e-02  -1.16021e-02  -1.12696e-02  -1.05326e-02  -9.68200e-03  -8.44743e-03  -7.19810e-03
  -5.00000e-04   3.25920e+00   4.08402e+00   4.75046e+00   5.18106e+00   5.39824e+00   5.47119e+00   5.46576e+00   5.42710e+00   5.38052e+00   5.33619e+00   5.29710e+00   5.26304e+00   5.23267e+00   5.20472e+00   5.17789e+00   5.15121e+00   5.12427e+00   5.09774e+00   5.07325e+00   5.05229e+00   5.03527e+00   5.02029e+00   5.00531e+00   4.99248e+00   4.99144e+00   5.02256e+00   5.11103e+00   5.27084e+00   5.47940e+00   5.66484e+00   5.73813e+00   5.65858e+00   5.46748e+00   5.25453e+00   5.09171e+00   5.00110e+00   4.96863e+00   4.96893e+00   4.98114e+00   4.99582e+00   5.01053e+00   5.02747e+00   5.04822e+00   5.07287e+00   5.09931e+00   5.12618e+00   5.15299e+00   5.17978e+00   5.20794e+00   5.23816e+00   5.27249e+00   5.31171e+00   5.35614e+00   5.40298e+00   5.44176e+00   5.44784e+00   5.37572e+00   5.15972e+00   4.73104e+00   4.06698e+00   3.24477e+00
  -1.00000e-03   6.62593e+00   8.35054e+00   9.71719e+00   1.05655e+01   1.09653e+01   1.10759e+01   1.10387e+01   1.09449e+01   1.08423e+01   1.07490e+01   1.06687e+01   1.05992e+01   1.05377e+01   1.04812e+01   1.04271e+01   1.03730e+01   1.03184e+01   1.02644e+01   1.02150e+01   1.01749e+01   1.01448e+01   1.01195e+01   1.00955e+01   1.00771e+01   1.00855e+01   1.01650e+01   1.03710e+01   1.07331e+01   1.12002e+01   1.16134e+01   1.17785e+01   1.16069e+01   1.11878e+01   1.07164e+01   1.03512e+01   1.01432e+01   1.00624e+01   1.00530e+01   1.00712e+01   1.00948e+01   1.01198e+01   1.01500e+01   1.01900e+01   1.02393e+01   1.02934e+01   1.03483e+01   1.04020e+01   1.04562e+01   1.05128e+01   1.05744e+01   1.06440e+01   1.07246e+01   1.08178e+01   1.09207e+01   1.10147e+01   1.10522e+01   1.09424e+01   1.05439e+01   9.69743e+00   8.33324e+00   6.61142e+00
  -1.50000e-03   1.02325e+01   1.30270e+01   1.51642e+01   1.63939e+01   1.68969e+01   1.69716e+01   1.68493e+01   1.66672e+01   1.64911e+01   1.63404e+01   1.62146e+01   1.61074e+01   1.60136e+01   1.59279e+01   1.58455e+01   1.57633e+01   1.56787e+01   1.55945e+01   1.55195e+01   1.54635e+01   1.54277e+01   1.54025e+01   1.53807e+01   1.53695e+01   1.54063e+01   1.55675e+01   1.59496e+01   1.66039e+01   1.74401e+01   1.81739e+01   1.84648e+01   1.81665e+01   1.74269e+01   1.65863e+01   1.59290e+01   1.55452e+01   1.53827e+01   1.53452e+01   1.53561e+01   1.53777e+01   1.54026e+01   1.54385e+01   1.54943e+01   1.55692e+01   1.56534e+01   1.57379e+01   1.58204e+01   1.59026e+01   1.59884e+01   1.60824e+01   1.61896e+01   1.63156e+01   1.64663e+01   1.66424e+01   1.68248e+01   1.69477e+01   1.68734e+01   1.63717e+01   1.51438e+01   1.30092e+01   1.02178e+01
  -2.00000e-03   1.42266e+01   1.83992e+01   2.14088e+01   2.29271e+01   2.33866e+01   2.33035e+01   2.30129e+01   2.26934e+01   2.24196e+01   2.22011e+01   2.20246e+01   2.18769e+01   2.17488e+01   2.16326e+01   2.15214e+01   2.14091e+01   2.12916e+01   2.11725e+01   2.10691e+01   2.10026e+01   2.09737e+01   2.09644e+01   2.09605e+01   2.09744e+01   2.10642e+01   2.13558e+01   2.20087e+01   2.31118e+01   2.45235e+01   2.57575e+01   2.62407e+01   2.57494e+01   2.45088e+01   2.30929e+01   2.19871e+01   2.13327e+01   2.10402e+01   2.09496e+01   2.09355e+01   2.09391e+01   2.09485e+01   2.09769e+01   2.10438e+01   2.11471e+01   2.12660e+01   2.13835e+01   2.14959e+01   2.16073e+01   2.17236e+01   2.18517e+01   2.19995e+01   2.21761e+01   2.23945e+01   2.26685e+01   2.29879e+01   2.32788e+01   2.33625e+01   2.29041e+01   2.13876e+01   1.83808e+01   1.42118e+01
  -2.50000e-03   1.87963e+01   2.48879e+01   2.88825e+01   3.04717e+01   3.06356e+01   3.02126e+01   2.96396e+01   2.91194e+01   2.87208e+01   2.84246e+01   2.81925e+01   2.80009e+01   2.78366e+01   2.76890e+01   2.75482e+01   2.74040e+01   2.72490e+01   2.70861e+01   2.69472e+01   2.68774e+01   2.68764e+01   2.69046e+01   2.69391e+01   2.69974e+01   2.71661e+01   2.76473e+01   2.87071e+01   3.05083e+01   3.28636e+01   3.49403e+01   3.57357e+01   3.49309e+01   3.28470e+01   3.04873e+01   2.86841e+01   2.76233e+01   2.71411e+01   2.69717e+01   2.69135e+01   2.68787e+01   2.68503e+01   2.68516e+01   2.69215e+01   2.70602e+01   2.72230e+01   2.73784e+01   2.75223e+01   2.76630e+01   2.78109e+01   2.79751e+01   2.81670e+01   2.83989e+01   2.86957e+01   2.90942e+01   2.96142e+01   3.01872e+01   3.06105e+01   3.04474e+01   2.88601e+01   2.48685e+01   1.87812e+01
  -3.00000e-03   2.41965e+01   3.31851e+01   3.82055e+01   3.93830e+01   3.88432e+01   3.78330e+01   3.68316e+01   3.60349e+01   3.54884e+01   3.51091e+01   3.48175e+01   3.45788e+01   3.43763e+01   3.41965e+01   3.40262e+01   3.38494e+01   3.36511e+01   3.34283e+01   3.32374e+01   3.31756e+01   3.32349e+01   3.33306e+01   3.34269e+01   3.35471e+01   3.38102e+01   3.45416e+01   3.61888e+01   3.90605e+01   4.30062e+01   4.66029e+01   4.79272e+01   4.65906e+01   4.29859e+01   3.90365e+01   3.61628e+01   3.45152e+01   3.37840e+01   3.35202e+01   3.33997e+01   3.33035e+01   3.32074e+01   3.31482e+01   3.32102e+01   3.34015e+01   3.36240e+01   3.38224e+01   3.39991e+01   3.41695e+01   3.43493e+01   3.45517e+01   3.47906e+01   3.50825e+01   3.54616e+01   3.60078e+01   3.68050e+01   3.78062e+01   3.88162e+01   3.93566e+01   3.81806e+01   3.31641e+01   2.41811e+01
  -3.50000e-03   3.07859e+01   4.45735e+01   5.02904e+01   5.00433e+01   4.81872e+01   4.62839e+01   4.46810e+01   4.35197e+01   4.28204e+01   4.23641e+01   4.20107e+01   4.17212e+01   4.14783e+01   4.12666e+01   4.10677e+01   4.08597e+01   4.06135e+01   4.03051e+01   4.00207e+01   3.99876e+01   4.01632e+01   4.03643e+01   4.05474e+01   4.07435e+01   4.10863e+01   4.21048e+01   4.45642e+01   4.90156e+01   5.56679e+01   6.22242e+01   6.44537e+01   6.22044e+01   5.56379e+01   4.89824e+01   4.45300e+01   4.20707e+01   4.10523e+01   4.07090e+01   4.05130e+01   4.03298e+01   4.01288e+01   3.99532e+01   3.99867e+01   4.02707e+01   4.05791e+01   4.08256e+01   4.10334e+01   4.12324e+01   4.14444e+01   4.16872e+01   4.19766e+01   4.23302e+01   4.27864e+01   4.34860e+01   4.46473e+01   4.62498e+01   4.81530e+01   5.00092e+01   5.02578e+01   4.45465e+01   3.07690e+01
  -4.00000e-03   3.90434e+01   6.17791e+01   6.64356e+01   6.27888e+01   5.88062e+01   5.56858e+01   5.32898e+01   5.16562e+01   5.08482e+01   5.03374e+01   4.99192e+01   4.95749e+01   4.92900e+01   4.90468e+01   4.88229e+01   4.85891e+01   4.82964e+01   4.78653e+01   4.73864e+01   4.74299e+01   4.78215e+01   4.81685e+01   4.84646e+01   4.87495e+01   4.90934e+01   5.03626e+01   5.39088e+01   6.05277e+01   7.16960e+01   8.46083e+01   8.82513e+01   8.45443e+01   7.16102e+01   6.04383e+01   5.38190e+01   5.02730e+01   4.90035e+01   4.86588e+01   4.83736e+01   4.80775e+01   4.77308e+01   4.73396e+01   4.72962e+01   4.77750e+01   4.82053e+01   4.84984e+01   4.87324e+01   4.89563e+01   4.92002e+01   4.94850e+01   4.98300e+01   5.02482e+01   5.07592e+01   5.15681e+01   5.32017e+01   5.55982e+01   5.87192e+01   6.27028e+01   6.63533e+01   6.17145e+01   3.90178e+01
  -4.50000e-03   4.92467e+01   9.16917e+01   8.82213e+01   7.78849e+01   7.09407e+01   6.63556e+01   6.29765e+01   6.06804e+01   5.99511e+01   5.94171e+01   5.89255e+01   5.85205e+01   5.81928e+01   5.79200e+01   5.76763e+01   5.74279e+01   5.71065e+01   5.65263e+01   5.55751e+01   5.58505e+01   5.66264e+01   5.71455e+01   5.75772e+01   5.79870e+01   5.81422e+01   5.94252e+01   6.44496e+01   7.36662e+01   9.17412e+01   1.20087e+02   1.24593e+02   1.19665e+02   9.12166e+01   7.31255e+01   6.39013e+01   5.88758e+01   5.75910e+01   5.74306e+01   5.70187e+01   5.65860e+01   5.60664e+01   5.52910e+01   5.50178e+01   5.59662e+01   5.65459e+01   5.68675e+01   5.71163e+01   5.73612e+01   5.76354e+01   5.79649e+01   5.83724e+01   5.88663e+01   5.94044e+01   6.01372e+01   6.24353e+01   6.58191e+01   7.04122e+01   7.73693e+01   8.77312e+01   9.13054e+01   4.91572e+01
  -5.00000e-03   5.76272e+01   1.55493e+02   1.17584e+02   9.70069e+01   8.66855e+01   8.06026e+01   7.61603e+01   7.25800e+01   7.25991e+01   7.20205e+01   7.14348e+01   7.09637e+01   7.05936e+01   7.02949e+01   7.00387e+01   6.97908e+01   6.94815e+01   6.88231e+01   6.65465e+01   6.77184e+01   6.90561e+01   6.97185e+01   7.02956e+01   7.09256e+01   7.06771e+01   7.11122e+01   7.83825e+01   8.99441e+01   1.16130e+02   1.86113e+02   1.77785e+02   1.82262e+02   1.11700e+02   8.53960e+01   7.37745e+01   6.64884e+01   6.60484e+01   6.62551e+01   6.56075e+01   6.50200e+01   6.43532e+01   6.30195e+01   6.18726e+01   6.41243e+01   6.47771e+01   6.50863e+01   6.53374e+01   6.56002e+01   6.59077e+01   6.62903e+01   6.67767e+01   6.73827e+01   6.79867e+01   6.79968e+01   7.15781e+01   7.60509e+01   8.21842e+01   9.25886e+01   1.13326e+02   1.51869e+02   5.71234e+01
  -5.50000e-03   2.10162e+01   3.14666e+02   1.80853e+02   1.50931e+02   1.37765e+02   1.30413e+02   1.25314e+02   1.17490e+02   1.20838e+02   1.20050e+02   1.19362e+02   1.18835e+02   1.18431e+02   1.18107e+02   1.17831e+02   1.17574e+02   1.17287e+02   1.16790e+02   1.10501e+02   1.15573e+02   1.17106e+02   1.17778e+02   1.18408e+02   1.19265e+02   1.19847e+02   1.17100e+02   1.27031e+02   1.39127e+02   1.68451e+02   3.18025e+02   1.61038e+02   2.65970e+02   1.15223e+02   8.48441e+01   7.21303e+01   6.20084e+01   6.49401e+01   6.38531e+01   6.27628e+01   6.20035e+01   6.12870e+01   5.98238e+01   5.53627e+01   6.11643e+01   6.15510e+01   6.17945e+01   6.20470e+01   6.23462e+01   6.27194e+01   6.31970e+01   6.38229e+01   6.46421e+01   6.56126e+01   6.26345e+01   7.00644e+01   7.52067e+01   8.27257e+01   9.62253e+01   1.26844e+02   2.62181e+02   1.88916e+01
  -6.00000e-03  -8.09353e+01   6.97090e+01   4.44707e+00  -2.23405e+01  -3.47968e+01  -4.14222e+01  -4.48577e+01  -4.24460e+01  -4.87644e+01  -5.01930e+01  -5.10770e+01  -5.16836e+01  -5.21051e+01  -5.23857e+01  -5.25445e+01  -5.25761e+01  -5.24252e+01  -5.17922e+01  -4.49797e+01  -5.25562e+01  -5.24425e+01  -5.17311e+01  -5.05033e+01  -4.82788e+01  -4.19794e+01  -4.56713e+01  -3.91283e+01  -2.73503e+01  -5.13157e+00   1.14086e+01  -1.36575e+02   9.29827e+01   6.26972e+01   3.90350e+01   2.70084e+01   2.03462e+01   2.38128e+01   1.79279e+01   1.60114e+01   1.49311e+01   1.42258e+01   1.39625e+01   2.16330e+01   1.47113e+01   1.43280e+01   1.43470e+01   1.45040e+01   1.47660e+01   1.51399e+01   1.56519e+01   1.63551e+01   1.73431e+01   1.88766e+01   2.56067e+01   2.39427e+01   2.81925e+01   3.59095e+01   5.00156e+01   7.99381e+01   1.53891e+02  -8.25303e+01
  -6.50000e-03  -6.13450e+01   2.53056e+01   4.10920e+01   2.50066e+01   1.49008e+01   9.14344e+00   6.27119e+00   5.26857e+00   2.26355e+00   8.10080e-01  -3.57252e-02  -5.99974e-01  -9.89765e-01  -1.25197e+00  -1.40487e+00  -1.43917e+00  -1.28345e+00  -6.13656e-01   1.26844e+00  -7.28641e-01  -1.12631e+00  -6.18271e-01   4.18454e-01   2.33206e+00   6.16023e+00   6.30030e+00   9.09513e+00   1.56131e+01   2.08093e+01  -3.35846e+01  -1.45522e+02  -2.14969e+01   3.18015e+01   2.42424e+01   1.65731e+01   1.34324e+01   1.28976e+01   8.56097e+00   6.45965e+00   5.33183e+00   4.79279e+00   5.29334e+00   7.52814e+00   5.32142e+00   4.57560e+00   4.41063e+00   4.45574e+00   4.62988e+00   4.92409e+00   5.35903e+00   5.98919e+00   6.93302e+00   8.56252e+00   1.19859e+01   1.31933e+01   1.64586e+01   2.30183e+01   3.45723e+01   5.33085e+01   3.95620e+01  -6.12344e+01
  -7.00000e-03  -3.82370e+01   1.19432e+01   3.08602e+01   2.35057e+01   1.64073e+01   1.19437e+01   9.53145e+00   8.01268e+00   6.09984e+00   4.80242e+00   4.00335e+00   3.47316e+00   3.11227e+00   2.87642e+00   2.75082e+00   2.74975e+00   2.94062e+00   3.50596e+00   4.24830e+00   3.59499e+00   3.27158e+00   3.66725e+00   4.59784e+00   6.22890e+00   8.57074e+00   9.61825e+00   1.11485e+01   1.33510e+01   7.99590e+00  -4.01603e+01  -9.63087e+01  -3.55101e+01   1.33232e+01   1.74348e+01   1.43571e+01   1.24192e+01   1.09925e+01   8.23796e+00   6.38277e+00   5.34025e+00   4.91258e+00   5.31090e+00   6.03721e+00   5.13876e+00   4.47715e+00   4.25049e+00   4.24182e+00   4.37276e+00   4.62642e+00   5.01920e+00   5.59999e+00   6.48342e+00   7.93483e+00   1.01025e+01   1.18174e+01   1.45440e+01   1.96375e+01   2.78420e+01   3.68189e+01   1.82185e+01  -3.78983e+01
  -7.50000e-03  -2.61475e+01   9.42533e+00   2.01302e+01   1.75751e+01   1.35005e+01   1.05784e+01   8.79903e+00   7.47207e+00   6.13883e+00   5.09477e+00   4.39380e+00   3.91869e+00   3.59644e+00   3.39182e+00   3.29344e+00   3.31545e+00   3.50578e+00   3.92046e+00   4.29895e+00   4.09034e+00   3.94914e+00   4.28586e+00   5.08013e+00   6.36550e+00   7.89693e+00   8.82944e+00   9.32957e+00   8.38852e+00  -1.32204e+00  -3.63501e+01  -6.63062e+01  -3.39452e+01   2.13279e+00   1.14017e+01   1.17853e+01   1.09211e+01   9.66417e+00   7.82071e+00   6.33039e+00   5.42485e+00   5.05042e+00   5.22091e+00   5.44217e+00   4.97801e+00   4.48531e+00   4.25605e+00   4.21838e+00   4.31558e+00   4.53359e+00   4.88121e+00   5.40037e+00   6.17485e+00   7.34212e+00   8.84738e+00   1.03414e+01   1.23757e+01   1.57695e+01   2.06341e+01   2.41983e+01   1.39237e+01  -2.58181e+01
# Longitudinally Integrated Squared Transverse Magnetic Field [T2m]
START
                -3.00000e-02  -2.90000e-02  -2.80000e-02  -2.70000e-02  -2.60000e-02  -2.50000e-02  -2.40000e-02  -2.30000e-02  -2.20000e-02  -2.10000e-02  -2.00000e-02  -1.90000e-02  -1.80000e-02  -1.70000e-02  -1.60000e-02  -1.50000e-02  -1.40000e-02  -1.30000e-02  -1.20000e-02  -1.10000e-02  -1.00000e-02  -9.00000e-03  -8.00000e-03  -7.00000e-03  -6.00000e-03  -5.00000e-03  -4.00000e-03  -3.00000e-03  -2.00000e-03  -1.00000e-03   0.00000e+00   1.00000e-03   2.00000e-03   3.00000e-03   4.00000e-03   5.00000e-03   6.00000e-03   7.00000e-03   8.00000e-03   9.00000e-03   1.00000e-02   1.10000e-02   1.20000e-02   1.30000e-02   1.40000e-02   1.50000e-02   1.60000e-02   1.70000e-02   1.80000e-02   1.90000e-02   2.00000e-02   2.10000e-02   2.20000e-02   2.30000e-02   2.40000e-02   2.50000e-02   2.60000e-02   2.70000e-02   2.80000e-02   2.90000e-02   3.00000e-02
   7.50000e-03   3.34511e-01   1.84629e+00   1.54009e+00   1.35872e+00   1.25464e+00   1.19242e+00   1.15363e+00   1.12578e+00   1.11210e+00   1.10440e+00   1.10008e+00   1.09792e+00   1.09730e+00   1.09788e+00   1.09950e+00   1.10216e+00   1.10601e+00   1.11168e+00   1.12093e+00   1.13653e+00   1.15685e+00   1.18186e+00   1.21329e+00   1.25446e+00   1.31131e+00   1.39741e+00   1.51718e+00   1.68927e+00   1.94790e+00   2.32970e+00   1.24307e+00   2.10835e+00   1.72703e+00   1.47526e+00   1.30714e+00   1.18998e+00   1.11241e+00   1.05562e+00   1.01475e+00   9.84231e-01   9.60109e-01   9.40264e-01   9.26298e-01   9.17029e-01   9.10968e-01   9.06754e-01   9.03789e-01   9.01877e-01   9.01004e-01   9.01301e-01   9.03075e-01   9.06912e-01   9.13957e-01   9.26554e-01   9.50540e-01   9.86440e-01   1.04449e+00   1.14229e+00   1.31381e+00   1.61222e+00   3.42907e-01
   7.00000e-03   3.82829e-01   1.80541e+00   1.47703e+00   1.30709e+00   1.21449e+00   1.15958e+00   1.12489e+00   1.09966e+00   1.08888e+00   1.08328e+00   1.08029e+00   1.07902e+00   1.07900e+00   1.07995e+00   1.08175e+00   1.08437e+00   1.08785e+00   1.09261e+00   1.10083e+00   1.11710e+00   1.13784e+00   1.16220e+00   1.19204e+00   1.23049e+00   1.28366e+00   1.36741e+00   1.48457e+00   1.65398e+00   1.92283e+00   2.37220e+00   1.37320e+00   2.15236e+00   1.70348e+00   1.43968e+00   1.27291e+00   1.15766e+00   1.08187e+00   1.02818e+00   9.89679e-01   9.60558e-01   9.37027e-01   9.16832e-01   9.02251e-01   8.93816e-01   8.88531e-01   8.84625e-01   8.81680e-01   8.79590e-01   8.78365e-01   8.78115e-01   8.79082e-01   8.81714e-01   8.86886e-01   8.96933e-01   9.18585e-01   9.50899e-01   1.00262e+00   1.09070e+00   1.25344e+00   1.57591e+00   3.91580e-01
   6.50000e-03   4.58434e-01   1.74540e+00   1.39002e+00   1.24450e+00   1.16908e+00   1.12416e+00   1.09460e+00   1.07191e+00   1.06543e+00   1.06233e+00   1.06084e+00   1.06054e+00   1.06118e+00   1.06258e+00   1.06462e+00   1.06725e+00   1.07042e+00   1.07401e+00   1.07999e+00   1.09832e+00   1.11980e+00   1.14337e+00   1.17143e+00   1.20665e+00   1.25422e+00   1.33598e+00   1.44871e+00   1.60871e+00   1.87373e+00   2.40641e+00   1.56524e+00   2.19389e+00   1.66002e+00   1.39679e+00   1.23766e+00   1.12620e+00   1.05179e+00   1.00295e+00   9.67357e-01   9.39837e-01   9.17036e-01   8.96253e-01   8.79818e-01   8.73268e-01   8.68986e-01   8.65364e-01   8.62394e-01   8.60082e-01   8.58457e-01   8.57601e-01   8.57680e-01   8.58972e-01   8.61901e-01   8.68163e-01   8.87555e-01   9.15312e-01   9.58227e-01   1.03126e+00   1.17329e+00   1.52536e+00   4.67330e-01
   6.00000e-03   5.78188e-01   1.59081e+00   1.27058e+00   1.16763e+00   1.11424e+00   1.08140e+00   1.05805e+00   1.03557e+00   1.03669e+00   1.03622e+00   1.03630e+00   1.03708e+00   1.03848e+00   1.04040e+00   1.04278e+00   1.04556e+00   1.04857e+00   1.05117e+00   1.05077e+00   1.07592e+00   1.09773e+00   1.12029e+00   1.14653e+00   1.17840e+00   1.21742e+00   1.30083e+00   1.40608e+00   1.54928e+00   1.78688e+00   2.35742e+00   1.81485e+00   2.18698e+00   1.61087e+00   1.37171e+00   1.22814e+00   1.12393e+00   1.04754e+00   1.00684e+00   9.74567e-01   9.48853e-01   9.27039e-01   9.05964e-01   8.83198e-01   8.82471e-01   8.79241e-01   8.75849e-01   8.72814e-01   8.70245e-01   8.68179e-01   8.66666e-01   8.65794e-01   8.65671e-01   8.66213e-01   8.65627e-01   8.85198e-01   9.07510e-01   9.39650e-01   9.92847e-01   1.09659e+00   1.42020e+00   5.85647e-01
   5.50000e-03   6.38262e-01   1.15932e+00   1.06648e+00   1.01975e+00   9.92314e-01   9.74228e-01   9.60324e-01   9.48763e-01   9.52824e-01   9.54224e-01   9.55589e-01   9.57260e-01   9.59263e-01   9.61579e-01   9.64193e-01   9.67067e-01   9.70038e-01   9.72359e-01   9.69276e-01   9.83639e-01   1.00096e+00   1.01904e+00   1.04009e+00   1.06534e+00   1.09336e+00   1.13053e+00   1.20603e+00   1.31000e+00   1.47576e+00   1.81043e+00   1.77757e+00   1.84424e+00   1.51270e+00   1.34809e+00   1.24473e+00   1.16948e+00   1.13236e+00   1.10469e+00   1.07962e+00   1.05866e+00   1.04062e+00   1.02328e+00   1.00872e+00   1.01209e+00   1.00983e+00   1.00688e+00   1.00400e+00   1.00136e+00   9.98988e-01   9.96913e-01   9.95144e-01   9.93651e-01   9.92076e-01   9.87759e-01   9.99460e-01   1.01316e+00   1.03085e+00   1.05759e+00   1.10298e+00   1.19207e+00   6.41109e-01
   5.00000e-03   5.58855e-01   8.17213e-01   8.57866e-01   8.52785e-01   8.44469e-01   8.37255e-01   8.31085e-01   8.27516e-01   8.29829e-01   8.32440e-01   8.34924e-01   8.37468e-01   8.40145e-01   8.42995e-01   8.46049e-01   8.49321e-01   8.52738e-01   8.55951e-01   8.58927e-01   8.69308e-01   8.84268e-01   9.01248e-01   9.21249e-01   9.45170e-01   9.73148e-01   1.01191e+00   1.07354e+00   1.15814e+00   1.27780e+00   1.43277e+00   1.46137e+00   1.43577e+00   1.28145e+00   1.16196e+00   1.07745e+00   1.01585e+00   9.77114e-01   9.49177e-01   9.25276e-01   9.05287e-01   8.88313e-01   8.73350e-01   8.62962e-01   8.60007e-01   8.56799e-01   8.53382e-01   8.50107e-01   8.47046e-01   8.44188e-01   8.41500e-01   8.38940e-01   8.36437e-01   8.33800e-01   8.31461e-01   8.35021e-01   8.41153e-01   8.48301e-01   8.56508e-01   8.61386e-01   8.20081e-01   5.59536e-01
   4.50000e-03   4.71121e-01   6.25208e-01   6.91853e-01   7.10792e-01   7.16120e-01   7.17367e-01   7.17388e-01   7.18273e-01   7.21354e-01   7.24866e-01   7.28219e-01   7.31470e-01   7.34709e-01   7.38018e-01   7.41474e-01   7.45144e-01   7.49069e-01   7.53286e-01   7.58610e-01   7.68058e-01   7.81372e-01   7.97411e-01   8.16614e-01   8.39735e-01   8.67787e-01   9.05037e-01   9.57185e-01   1.02536e+00   1.11008e+00   1.19275e+00   1.21785e+00   1.19320e+00   1.11071e+00   1.02605e+00   9.57913e-01   9.05784e-01   8.68545e-01   8.40505e-01   8.17391e-01   7.98192e-01   7.82154e-01   7.68838e-01   7.59390e-01   7.54069e-01   7.49852e-01   7.45927e-01   7.42256e-01   7.38799e-01   7.35488e-01   7.32246e-01   7.28993e-01   7.25636e-01   7.22119e-01   7.19034e-01   7.18146e-01   7.18118e-01   7.16858e-01   7.11507e-01   6.92524e-01   6.25754e-01   4.71397e-01
   4.00000e-03   4.00434e-01   5.04039e-01   5.67211e-01   5.96389e-01   6.10159e-01   6.17438e-01   6.21981e-01   6.25920e-01   6.30268e-01   6.34619e-01   6.38695e-01   6.42541e-01   6.46267e-01   6.49986e-01   6.53814e-01   6.57868e-01   6.62284e-01   6.67304e-01   6.73701e-01   6.82945e-01   6.95372e-01   7.10732e-01   7.29368e-01   7.51957e-01   7.79600e-01   8.14817e-01   8.60342e-01   9.16188e-01   9.78418e-01   1.03092e+00   1.04936e+00   1.03108e+00   9.78668e-01   9.16490e-01   8.60674e-01   8.15166e-01   7.79959e-01   7.52324e-01   7.29739e-01   7.11106e-01   6.95747e-01   6.83320e-01   6.74076e-01   6.67678e-01   6.62660e-01   6.58243e-01   6.54189e-01   6.50361e-01   6.46640e-01   6.42913e-01   6.39066e-01   6.34989e-01   6.30636e-01   6.26287e-01   6.22346e-01   6.17800e-01   6.10515e-01   5.96734e-01   5.67532e-01   5.04311e-01   4.00632e-01
   3.50000e-03   3.44912e-01   4.19860e-01   4.73890e-01   5.05552e-01   5.23721e-01   5.34891e-01   5.42550e-01   5.48673e-01   5.54225e-01   5.59348e-01   5.64036e-01   5.68384e-01   5.72527e-01   5.76607e-01   5.80770e-01   5.85175e-01   5.90020e-01   5.95620e-01   6.02603e-01   6.11853e-01   6.23853e-01   6.38789e-01   6.57054e-01   6.79273e-01   7.06372e-01   7.39800e-01   7.80686e-01   8.27990e-01   8.76681e-01   9.14861e-01   9.28884e-01   9.14960e-01   8.76853e-01   8.28209e-01   7.80932e-01   7.40063e-01   7.06646e-01   6.79555e-01   6.57339e-01   6.39077e-01   6.24142e-01   6.12142e-01   6.02892e-01   5.95909e-01   5.90309e-01   5.85465e-01   5.81059e-01   5.76896e-01   5.72815e-01   5.68671e-01   5.64322e-01   5.59633e-01   5.54509e-01   5.48955e-01   5.42832e-01   5.35169e-01   5.23994e-01   5.05814e-01   4.74133e-01   4.20069e-01   3.45078e-01
   3.00000e-03   3.01340e-01   3.58358e-01   4.03538e-01   4.34119e-01   4.54012e-01   4.67409e-01   4.77089e-01   4.84740e-01   4.91278e-01   4.97064e-01   5.02263e-01   5.07029e-01   5.11524e-01   5.15915e-01   5.20370e-01   5.25080e-01   5.30277e-01   5.36293e-01   5.43645e-01   5.52977e-01   5.64803e-01   5.79512e-01   5.97562e-01   6.19539e-01   6.46165e-01   6.78235e-01   7.15955e-01   7.57641e-01   7.98310e-01   8.28951e-01   8.40318e-01   8.29025e-01   7.98443e-01   7.57815e-01   7.16156e-01   6.78452e-01   6.46392e-01   6.19773e-01   5.97800e-01   5.79752e-01   5.65045e-01   5.53218e-01   5.43887e-01   5.36535e-01   5.30519e-01   5.25322e-01   5.20612e-01   5.16156e-01   5.11765e-01   5.07269e-01   5.02502e-01   4.97303e-01   4.91516e-01   4.84976e-01   4.77323e-01   4.67641e-01   4.54238e-01   4.34335e-01   4.03736e-01   3.58531e-01   3.01481e-01
   2.50000e-03   2.67338e-01   3.12479e-01   3.50392e-01   3.78604e-01   3.98679e-01   4.13149e-01   4.24041e-01   4.32719e-01   4.40000e-01   4.46320e-01   4.51933e-01   4.57039e-01   4.61825e-01   4.66475e-01   4.71177e-01   4.76140e-01   4.81616e-01   4.87935e-01   4.95545e-01   5.04984e-01   5.16771e-01   5.31388e-01   5.49340e-01   5.71182e-01   5.97474e-01   6.28608e-01   6.64247e-01   7.02357e-01   7.38253e-01   7.64642e-01   7.74410e-01   7.64699e-01   7.38357e-01   7.02496e-01   6.64409e-01   6.28785e-01   5.97660e-01   5.71374e-01   5.49536e-01   5.31586e-01   5.16971e-01   5.05183e-01   4.95745e-01   4.88135e-01   4.81816e-01   4.76340e-01   4.71376e-01   4.66674e-01   4.62024e-01   4.57238e-01   4.52131e-01   4.46517e-01   4.40196e-01   4.32914e-01   4.24234e-01   4.13339e-01   3.98864e-01   3.78779e-01   3.50553e-01   3.12620e-01   2.67454e-01
   2.00000e-03   2.41255e-01   2.78316e-01   3.10640e-01   3.36304e-01   3.55815e-01   3.70642e-01   3.82193e-01   3.91522e-01   3.99330e-01   4.06056e-01   4.11992e-01   4.17366e-01   4.22383e-01   4.27241e-01   4.32143e-01   4.37309e-01   4.43000e-01   4.49541e-01   4.57341e-01   4.66890e-01   4.78705e-01   4.93310e-01   5.11242e-01   5.33032e-01   5.59127e-01   5.89668e-01   6.23994e-01   6.59882e-01   6.92915e-01   7.16799e-01   7.25592e-01   7.16842e-01   6.92995e-01   6.59990e-01   6.24120e-01   5.89807e-01   5.59274e-01   5.33184e-01   5.11397e-01   4.93467e-01   4.78863e-01   4.67048e-01   4.57500e-01   4.49700e-01   4.43160e-01   4.37468e-01   4.32302e-01   4.27400e-01   4.22542e-01   4.17524e-01   4.12149e-01   4.06213e-01   3.99486e-01   3.91677e-01   3.82346e-01   3.70792e-01   3.55961e-01   3.36442e-01   3.10766e-01   2.78427e-01   2.41348e-01
   1.50000e-03   2.21955e-01   2.53535e-01   2.81774e-01   3.05222e-01   3.23931e-01   3.38736e-01   3.50596e-01   3.60312e-01   3.68472e-01   3.75489e-01   3.81663e-01   3.87238e-01   3.92431e-01   3.97449e-01   4.02503e-01   4.07824e-01   4.13674e-01   4.20374e-01   4.28315e-01   4.37962e-01   4.49830e-01   4.64466e-01   4.82421e-01   5.04213e-01   5.30213e-01   5.60409e-01   5.93942e-01   6.28485e-01   6.59801e-01   6.82183e-01   6.90378e-01   6.82214e-01   6.59859e-01   6.28564e-01   5.94035e-01   5.60512e-01   5.30323e-01   5.04326e-01   4.82537e-01   4.64583e-01   4.49948e-01   4.38080e-01   4.28434e-01   4.20493e-01   4.13793e-01   4.07942e-01   4.02622e-01   3.97568e-01   3.92550e-01   3.87356e-01   3.81781e-01   3.75606e-01   3.68588e-01   3.60428e-01   3.50710e-01   3.38848e-01   3.24039e-01   3.05324e-01   2.81867e-01   2.53617e-01   2.22024e-01
   1.00000e-03   2.08665e-01   2.36692e-01   2.62159e-01   2.83945e-01   3.01918e-01   3.16559e-01   3.28534e-01   3.38462e-01   3.46839e-01   3.54048e-01   3.60385e-01   3.66099e-01   3.71415e-01   3.76545e-01   3.81707e-01   3.87135e-01   3.93096e-01   3.99905e-01   4.07944e-01   4.17667e-01   4.29589e-01   4.44266e-01   4.62260e-01   4.84077e-01   5.10046e-01   5.40059e-01   5.73141e-01   6.06904e-01   6.37219e-01   6.58718e-01   6.66554e-01   6.58738e-01   6.37257e-01   6.06955e-01   5.73202e-01   5.40127e-01   5.10118e-01   4.84152e-01   4.62336e-01   4.44344e-01   4.29668e-01   4.17746e-01   4.08023e-01   3.99984e-01   3.93175e-01   3.87214e-01   3.81786e-01   3.76624e-01   3.71494e-01   3.66178e-01   3.60463e-01   3.54125e-01   3.46917e-01   3.38539e-01   3.28610e-01   3.16633e-01   3.01990e-01   2.84012e-01   2.62221e-01   2.36746e-01   2.08711e-01
   5.00000e-04   2.00884e-01   2.26907e-01   2.50771e-01   2.71539e-01   2.89014e-01   3.03501e-01   3.15504e-01   3.25533e-01   3.34027e-01   3.41343e-01   3.47774e-01   3.53571e-01   3.58959e-01   3.64156e-01   3.69382e-01   3.74874e-01   3.80899e-01   3.87771e-01   3.95869e-01   4.05640e-01   4.17600e-01   4.32310e-01   4.50335e-01   4.72179e-01   4.98143e-01   5.28072e-01   5.60927e-01   5.94287e-01   6.24079e-01   6.45111e-01   6.52755e-01   6.45121e-01   6.24098e-01   5.94313e-01   5.60958e-01   5.28106e-01   4.98179e-01   4.72216e-01   4.50373e-01   4.32349e-01   4.17640e-01   4.05679e-01   3.95908e-01   3.87811e-01   3.80938e-01   3.74913e-01   3.69421e-01   3.64195e-01   3.58998e-01   3.53610e-01   3.47813e-01   3.41382e-01   3.34065e-01   3.25571e-01   3.15542e-01   3.03538e-01   2.89050e-01   2.71572e-01   2.50801e-01   2.26934e-01   2.00907e-01
   0.00000e+00   1.98328e-01   2.23705e-01   2.47045e-01   2.67472e-01   2.84773e-01   2.99201e-01   3.11206e-01   3.21265e-01   3.29795e-01   3.37146e-01   3.43608e-01   3.49432e-01   3.54844e-01   3.60063e-01   3.65310e-01   3.70823e-01   3.76869e-01   3.83763e-01   3.91880e-01   4.01668e-01   4.13642e-01   4.28363e-01   4.46400e-01   4.68254e-01   4.94219e-01   5.24124e-01   5.56909e-01   5.90144e-01   6.19771e-01   6.40654e-01   6.48234e-01   6.40654e-01   6.19771e-01   5.90144e-01   5.56909e-01   5.24124e-01   4.94219e-01   4.68254e-01   4.46400e-01   4.28363e-01   4.13642e-01   4.01668e-01   3.91880e-01   3.83763e-01   3.76869e-01   3.70823e-01   3.65310e-01   3.60063e-01   3.54844e-01   3.49432e-01   3.43608e-01   3.37146e-01   3.29795e-01   3.21265e-01   3.11206e-01   2.99201e-01   2.84773e-01   2.67472e-01   2.47045e-01   2.23705e-01   1.98328e-01
  -5.00000e-04   2.00907e-01   2.26934e-01   2.50801e-01   2.71572e-01   2.89050e-01   3.03538e-01   3.15542e-01   3.25571e-01   3.34065e-01   3.41382e-01   3.47813e-01   3.53610e-01   3.58998e-01   3.64195e-01   3.69421e-01   3.74913e-01   3.80938e-01   3.87811e-01   3.95908e-01   4.05679e-01   4.17640e-01   4.32349e-01   4.50373e-01   4.72216e-01   4.98179e-01   5.28106e-01   5.60958e-01   5.94313e-01   6.24098e-01   6.45121e-01   6.52755e-01   6.45111e-01   6.24079e-01   5.94287e-01   5.60927e-01   5.28072e-01   4.98143e-01   4.72179e-01   4.50335e-01   4.32310e-01   4.17601e-01   4.05640e-01   3.95869e-01   3.87771e-01   3.80899e-01   3.74874e-01   3.69382e-01   3.64156e-01   3.58959e-01   3.53571e-01   3.47774e-01   3.41343e-01   3.34027e-01   3.25533e-01   3.15504e-01   3.03501e-01   2.89014e-01   2.71539e-01   2.50771e-01   2.26907e-01   2.00884e-01
  -1.00000e-03   2.08711e-01   2.36746e-01   2.62221e-01   2.84012e-01   3.01990e-01   3.16633e-01   3.28610e-01   3.38539e-01   3.46917e-01   3.54125e-01   3.60463e-01   3.66178e-01   3.71494e-01   3.76624e-01   3.81786e-01   3.87214e-01   3.93175e-01   3.99984e-01   4.08023e-01   4.17746e-01   4.29668e-01   4.44344e-01   4.62336e-01   4.84152e-01   5.10118e-01   5.40127e-01   5.73202e-01   6.06955e-01   6.37257e-01   6.58738e-01   6.66554e-01   6.58718e-01   6.37219e-01   6.06904e-01   5.73141e-01   5.40059e-01   5.10046e-01   4.84077e-01   4.62260e-01   4.44266e-01   4.29589e-01   4.17667e-01   4.07944e-01   3.99905e-01   3.93096e-01   3.87135e-01   3.81707e-01   3.76545e-01   3.71415e-01   3.66099e-01   3.60385e-01   3.54048e-01   3.46839e-01   3.38462e-01   3.28534e-01   3.16559e-01   3.01918e-01   2.83945e-01   2.62159e-01   2.36692e-01   2.08665e-01
  -1.50000e-03   2.22024e-01   2.53617e-01   2.81867e-01   3.05324e-01   3.24039e-01   3.38848e-01   3.50710e-01   3.60428e-01   3.68589e-01   3.75606e-01   3.81781e-01   3.87356e-01   3.92550e-01   3.97568e-01   4.02622e-01   4.07942e-01   4.13793e-01   4.20493e-01   4.28434e-01   4.38080e-01   4.49948e-01   4.64583e-01   4.82537e-01   5.04326e-01   5.30323e-01   5.60512e-01   5.94035e-01   6.28564e-01   6.59859e-01   6.82214e-01   6.90378e-01   6.82183e-01   6.59801e-01   6.28485e-01   5.93942e-01   5.60409e-01   5.30213e-01   5.04213e-01   4.82421e-01   4.64466e-01   4.49830e-01   4.37962e-01   4.28315e-01   4.20374e-01   4.13674e-01   4.07824e-01   4.02503e-01   3.97449e-01   3.92431e-01   3.87238e-01   3.81663e-01   3.75489e-01   3.68472e-01   3.60312e-01   3.50596e-01   3.38736e-01   3.23931e-01   3.05222e-01   2.81774e-01   2.53535e-01   2.21955e-01
  -2.00000e-03   2.41348e-01   2.78427e-01   3.10766e-01   3.36442e-01   3.55961e-01   3.70792e-01   3.82346e-01   3.91677e-01   3.99486e-01   4.06213e-01   4.12149e-01   4.17524e-01   4.22542e-01   4.27400e-01   4.32302e-01   4.37468e-01   4.43160e-01   4.49700e-01   4.57500e-01   4.67048e-01   4.78863e-01   4.93467e-01   5.11397e-01   5.33184e-01   5.59274e-01   5.89807e-01   6.24120e-01   6.59990e-01   6.92995e-01   7.16842e-01   7.25592e-01   7.16799e-01   6.92915e-01   6.59882e-01   6.23994e-01   5.89668e-01   5.59127e-01   5.33032e-01   5.11242e-01   4.93310e-01   4.78705e-01   4.66890e-01   4.57341e-01   4.49541e-01   4.43000e-01   4.37309e-01   4.32143e-01   4.27241e-01   4.22383e-01   4.17366e-01   4.11992e-01   4.06056e-01   3.99330e-01   3.91522e-01   3.82193e-01   3.70642e-01   3.55815e-01   3.36304e-01   3.10640e-01   2.78316e-01   2.41255e-01
  -2.50000e-03   2.67454e-01   3.12620e-01   3.50553e-01   3.78779e-01   3.98864e-01   4.13339e-01   4.24234e-01   4.32914e-01   4.40196e-01   4.46517e-01   4.52131e-01   4.57238e-01   4.62024e-01   4.66674e-01   4.71376e-01   4.76340e-01   4.81816e-01   4.88135e-01   4.95745e-01   5.05183e-01   5.16971e-01   5.31586e-01   5.49536e-01   5.71374e-01   5.97660e-01   6.28785e-01   6.64409e-01   7.02496e-01   7.38357e-01   7.64699e-01   7.74410e-01   7.64642e-01   7.38253e-01   7.02357e-01   6.64247e-01   6.28608e-01   5.97474e-01   5.71182e-01   5.49340e-01   5.31388e-01   5.16771e-01   5.04984e-01   4.95545e-01   4.87935e-01   4.81616e-01   4.76140e-01   4.71177e-01   4.66475e-01   4.61825e-01   4.57039e-01   4.51933e-01   4.46320e-01   4.40000e-01   4.32719e-01   4.24041e-01   4.13149e-01   3.98679e-01   3.78604e-01   3.50392e-01   3.12479e-01   2.67338e-01
  -3.00000e-03   3.01481e-01   3.58531e-01   4.03736e-01   4.34335e-01   4.54238e-01   4.67641e-01   4.77323e-01   4.84976e-01   4.91516e-01   4.97303e-01   5.02502e-01   5.07269e-01   5.11765e-01   5.16156e-01   5.20612e-01   5.25322e-01   5.30519e-01   5.36535e-01   5.43887e-01   5.53218e-01   5.65045e-01   5.79752e-01   5.97800e-01   6.19773e-01   6.46392e-01   6.78452e-01   7.16156e-01   7.57815e-01   7.98443e-01   8.29025e-01   8.40318e-01   8.28951e-01   7.98310e-01   7.57641e-01   7.15955e-01   6.78235e-01   6.46165e-01   6.19539e-01   5.97562e-01   5.79512e-01   5.64803e-01   5.52977e-01   5.43645e-01   5.36293e-01   5.30277e-01   5.25080e-01   5.20370e-01   5.15915e-01   5.11524e-01   5.07029e-01   5.02263e-01   4.97064e-01   4.91278e-01   4.84740e-01   4.77089e-01   4.67409e-01   4.54012e-01   4.34119e-01   4.03538e-01   3.58358e-01   3.01340e-01
  -3.50000e-03   3.45078e-01   4.20069e-01   4.74133e-01   5.05814e-01   5.23994e-01   5.35169e-01   5.42832e-01   5.48955e-01   5.54509e-01   5.59633e-01   5.64322e-01   5.68671e-01   5.72815e-01   5.76896e-01   5.81059e-01   5.85465e-01   5.90309e-01   5.95909e-01   6.02892e-01   6.12142e-01   6.24142e-01   6.39077e-01   6.57339e-01   6.79555e-01   7.06646e-01   7.40063e-01   7.80932e-01   8.28209e-01   8.76853e-01   9.14960e-01   9.28884e-01   9.14861e-01   8.76681e-01   8.27990e-01   7.80686e-01   7.39800e-01   7.06372e-01   6.79274e-01   6.57054e-01   6.38789e-01   6.23853e-01   6.11853e-01   6.02603e-01   5.95620e-01   5.90020e-01   5.85175e-01   5.80770e-01   5.76607e-01   5.72527e-01   5.68384e-01   5.64036e-01   5.59348e-01   5.54225e-01   5.48673e-01   5.42550e-01   5.34891e-01   5.23721e-01   5.05552e-01   4.73890e-01   4.19860e-01   3.44912e-01
  -4.00000e-03   4.00632e-01   5.04311e-01   5.67532e-01   5.96734e-01   6.10515e-01   6.17800e-01   6.22346e-01   6.26287e-01   6.30636e-01   6.34989e-01   6.39066e-01   6.42913e-01   6.46640e-01   6.50361e-01   6.54189e-01   6.58243e-01   6.62660e-01   6.67678e-01   6.74076e-01   6.83320e-01   6.95747e-01   7.11106e-01   7.29739e-01   7.52324e-01   7.79959e-01   8.15166e-01   8.60674e-01   9.16490e-01   9.78668e-01   1.03108e+00   1.04936e+00   1.03092e+00   9.78418e-01   9.16188e-01   8.60342e-01   8.14817e-01   7.79600e-01   7.51957e-01   7.29368e-01   7.10732e-01   6.95372e-01   6.82945e-01   6.73701e-01   6.67304e-01   6.62284e-01   6.57868e-01   6.53814e-01   6.49986e-01   6.46267e-01   6.42541e-01   6.38695e-01   6.34619e-01   6.30268e-01   6.25920e-01   6.21981e-01   6.17438e-01   6.10159e-01   5.96389e-01   5.67211e-01   5.04039e-01   4.00434e-01
  -4.50000e-03   4.71397e-01   6.25754e-01   6.92524e-01   7.11507e-01   7.16858e-01   7.18118e-01   7.18146e-01   7.19034e-01   7.22119e-01   7.25636e-01   7.28993e-01   7.32246e-01   7.35488e-01   7.38799e-01   7.42256e-01   7.45927e-01   7.49852e-01   7.54069e-01   7.59390e-01   7.68838e-01   7.82154e-01   7.98192e-01   8.17391e-01   8.40505e-01   8.68545e-01   9.05784e-01   9.57913e-01   1.02605e+00   1.11071e+00   1.19320e+00   1.21785e+00   1.19275e+00   1.11008e+00   1.02536e+00   9.57185e-01   9.05037e-01   8.67787e-01   8.39735e-01   8.16614e-01   7.97411e-01   7.81372e-01   7.68058e-01   7.58610e-01   7.53286e-01   7.49069e-01   7.45144e-01   7.41474e-01   7.38018e-01   7.34709e-01   7.31470e-01   7.28219e-01   7.24866e-01   7.21354e-01   7.18273e-01   7.17388e-01   7.17367e-01   7.16120e-01   7.10792e-01   6.91853e-01   6.25208e-01   4.71121e-01
  -5.00000e-03   5.59536e-01   8.20081e-01   8.61386e-01   8.56508e-01   8.48301e-01   8.41153e-01   8.35021e-01   8.31461e-01   8.33800e-01   8.36437e-01   8.38940e-01   8.41500e-01   8.44189e-01   8.47046e-01   8.50107e-01   8.53382e-01   8.56799e-01   8.60007e-01   8.62962e-01   8.73350e-01   8.88313e-01   9.05287e-01   9.25276e-01   9.49177e-01   9.77114e-01   1.01585e+00   1.07745e+00   1.16196e+00   1.28145e+00   1.43577e+00   1.46137e+00   1.43277e+00   1.27780e+00   1.15814e+00   1.07354e+00   1.01191e+00   9.73148e-01   9.45170e-01   9.21249e-01   9.01248e-01   8.84268e-01   8.69308e-01   8.58928e-01   8.55951e-01   8.52738e-01   8.49321e-01   8.46049e-01   8.42995e-01   8.40145e-01   8.37468e-01   8.34924e-01   8.32440e-01   8.29829e-01   8.27516e-01   8.31085e-01   8.37255e-01   8.44469e-01   8.52785e-01   8.57866e-01   8.17213e-01   5.58855e-01
  -5.50000e-03   6.41109e-01   1.19207e+00   1.10298e+00   1.05759e+00   1.03085e+00   1.01316e+00   9.99460e-01   9.87759e-01   9.92076e-01   9.93651e-01   9.95144e-01   9.96913e-01   9.98988e-01   1.00136e+00   1.00400e+00   1.00688e+00   1.00983e+00   1.01209e+00   1.00872e+00   1.02328e+00   1.04062e+00   1.05866e+00   1.07962e+00   1.10469e+00   1.13236e+00   1.16948e+00   1.24473e+00   1.34809e+00   1.51270e+00   1.84424e+00   1.77757e+00   1.81043e+00   1.47576e+00   1.31000e+00   1.20603e+00   1.13053e+00   1.09336e+00   1.06534e+00   1.04009e+00   1.01904e+00   1.00096e+00   9.83639e-01   9.69276e-01   9.72359e-01   9.70038e-01   9.67067e-01   9.64193e-01   9.61579e-01   9.59263e-01   9.57260e-01   9.55589e-01   9.54224e-01   9.52824e-01   9.48763e-01   9.60324e-01   9.74228e-01   9.92314e-01   1.01975e+00   1.06648e+00   1.15932e+00   6.38262e-01
  -6.00000e-03   5.85647e-01   1.41966e+00   1.09612e+00   9.92425e-01   9.39278e-01   9.07191e-01   8.84937e-01   8.64915e-01   8.65534e-01   8.65022e-01   8.65170e-01   8.66066e-01   8.67602e-01   8.69689e-01   8.72279e-01   8.75335e-01   8.78750e-01   8.82004e-01   8.82765e-01   9.05408e-01   9.26496e-01   9.48805e-01   9.75178e-01   1.00766e+00   1.04807e+00   1.12624e+00   1.23085e+00   1.37758e+00   1.61784e+00   2.19325e+00   1.81485e+00   2.35742e+00   1.78688e+00   1.54928e+00   1.40608e+00   1.30083e+00   1.21742e+00   1.17840e+00   1.14653e+00   1.12029e+00   1.09773e+00   1.07592e+00   1.05077e+00   1.05117e+00   1.04857e+00   1.04556e+00   1.04278e+00   1.04040e+00   1.03848e+00   1.03708e+00   1.03630e+00   1.03622e+00   1.03669e+00   1.03557e+00   1.05805e+00   1.08140e+00   1.11424e+00   1.16763e+00   1.27058e+00   1.59081e+00   5.78188e-01
  -6.50000e-03   4.67330e-01   1.52468e+00   1.17272e+00   1.03076e+00   9.57783e-01   9.14923e-01   8.87222e-01   8.67363e-01   8.61137e-01   8.58238e-01   8.56973e-01   8.56918e-01   8.57797e-01   8.59444e-01   8.61777e-01   8.64769e-01   8.68412e-01   8.72719e-01   8.79298e-01   8.95611e-01   9.16411e-01   9.39715e-01   9.67906e-01   1.00371e+00   1.05230e+00   1.12847e+00   1.24034e+00   1.40262e+00   1.66687e+00   2.19874e+00   1.56524e+00   2.40641e+00   1.87373e+00   1.60871e+00   1.44871e+00   1.33598e+00   1.25422e+00   1.20665e+00   1.17143e+00   1.14337e+00   1.11980e+00   1.09832e+00   1.07999e+00   1.07401e+00   1.07042e+00   1.06725e+00   1.06462e+00   1.06258e+00   1.06118e+00   1.06054e+00   1.06084e+00   1.06233e+00   1.06543e+00   1.07191e+00   1.09460e+00   1.12416e+00   1.16908e+00   1.24450e+00   1.39002e+00   1.74540e+00   4.58434e-01
  -7.00000e-03   3.91580e-01   1.57516e+00   1.25281e+00   1.09014e+00   1.00213e+00   9.50456e-01   9.18197e-01   8.96071e-01   8.86062e-01   8.80920e-01   8.78315e-01   8.77373e-01   8.77646e-01   8.78892e-01   8.81003e-01   8.83970e-01   8.87898e-01   8.93208e-01   9.01668e-01   9.16128e-01   9.36341e-01   9.60384e-01   9.90186e-01   1.02890e+00   1.08236e+00   1.15990e+00   1.27554e+00   1.44543e+00   1.71012e+00   2.15604e+00   1.37320e+00   2.37220e+00   1.92283e+00   1.65398e+00   1.48457e+00   1.36741e+00   1.28366e+00   1.23049e+00   1.19204e+00   1.16220e+00   1.13784e+00   1.11710e+00   1.10083e+00   1.09261e+00   1.08785e+00   1.08437e+00   1.08175e+00   1.07995e+00   1.07900e+00   1.07902e+00   1.08029e+00   1.08328e+00   1.08888e+00   1.09966e+00   1.12489e+00   1.15958e+00   1.21449e+00   1.30709e+00   1.47703e+00   1.80541e+00   3.82829e-01
  -7.50000e-03   3.42907e-01   1.61143e+00   1.31312e+00   1.14168e+00   1.04395e+00   9.85952e-01   9.50106e-01   9.25642e-01   9.13082e-01   9.06069e-01   9.02258e-01   9.00508e-01   9.00235e-01   9.01130e-01   9.03063e-01   9.06049e-01   9.10285e-01   9.16370e-01   9.25663e-01   9.39507e-01   9.59371e-01   9.84014e-01   1.01522e+00   1.05630e+00   1.11287e+00   1.19219e+00   1.30972e+00   1.48091e+00   1.73346e+00   2.11190e+00   1.24307e+00   2.32970e+00   1.94790e+00   1.68927e+00   1.51718e+00   1.39741e+00   1.31131e+00   1.25446e+00   1.21329e+00   1.18186e+00   1.15685e+00   1.13653e+00   1.12093e+00   1.11168e+00   1.10601e+00   1.10216e+00   1.09950e+00   1.09788e+00   1.09730e+00   1.09792e+00   1.10008e+00   1.10440e+00   1.11210e+00   1.12578e+00   1.15363e+00   1.19242e+00   1.25464e+00   1.35872e+00   1.54009e+00   1.84629e+00   3.34511e-01
