# Author : T. Tanabe
# EPU50LH
# Undulator Length [m]
1.8
# Number of Horizontal Points
61
# Number of Vertical Points
31
# Horizontal Kick [micro-rad]
START
                -3.00000e-02  -2.90000e-02  -2.80000e-02  -2.70000e-02  -2.60000e-02  -2.50000e-02  -2.40000e-02  -2.30000e-02  -2.20000e-02  -2.10000e-02  -2.00000e-02  -1.90000e-02  -1.80000e-02  -1.70000e-02  -1.60000e-02  -1.50000e-02  -1.40000e-02  -1.30000e-02  -1.20000e-02  -1.10000e-02  -1.00000e-02  -9.00000e-03  -8.00000e-03  -7.00000e-03  -6.00000e-03  -5.00000e-03  -4.00000e-03  -3.00000e-03  -2.00000e-03  -1.00000e-03   0.00000e+00   1.00000e-03   2.00000e-03   3.00000e-03   4.00000e-03   5.00000e-03   6.00000e-03   7.00000e-03   8.00000e-03   9.00000e-03   1.00000e-02   1.10000e-02   1.20000e-02   1.30000e-02   1.40000e-02   1.50000e-02   1.60000e-02   1.70000e-02   1.80000e-02   1.90000e-02   2.00000e-02   2.10000e-02   2.20000e-02   2.30000e-02   2.40000e-02   2.50000e-02   2.60000e-02   2.70000e-02   2.80000e-02   2.90000e-02   3.00000e-02
   7.50000e-03  -8.16647e-01   1.07186e+02   6.31581e+01   3.38856e+01   1.77974e+01   9.19844e+00   4.40743e+00   1.32065e+00  -2.81557e-01  -1.04467e+00  -1.33381e+00  -1.37890e+00  -1.28883e+00  -1.11913e+00  -9.03535e-01  -6.61766e-01  -4.11919e-01  -2.03818e-01  -1.55706e-01  -1.75868e-01  -5.96494e-02   9.47228e-02   1.94391e-01   1.69318e-01  -1.30998e-01  -9.41675e-01  -2.64934e+00  -6.47915e+00  -1.45413e+01  -2.29053e+01   3.37514e-07   2.29055e+01   1.45407e+01   6.47915e+00   2.64934e+00   9.42186e-01   1.31761e-01  -1.68297e-01  -1.94896e-01  -9.47229e-02   5.91387e-02   1.75867e-01   1.55451e-01   2.03564e-01   4.12177e-01   6.61260e-01   9.03032e-01   1.11938e+00   1.28883e+00   1.37941e+00   1.33381e+00   1.04492e+00   2.81304e-01  -1.32014e+00  -4.40742e+00  -9.19819e+00  -1.77974e+01  -3.38856e+01  -6.31583e+01  -1.07186e+02   8.16647e-01
   7.00000e-03  -8.01403e+00   1.25501e+02   6.13108e+01   2.91295e+01   1.42581e+01   6.87812e+00   2.93427e+00   7.17915e-02  -1.33036e+00  -1.78441e+00  -1.86881e+00  -1.77627e+00  -1.58633e+00  -1.33978e+00  -1.06013e+00  -7.58190e-01  -4.38278e-01  -1.36903e-01  -1.16736e-01  -2.57291e-01  -4.99778e-02   1.97055e-01   3.92366e-01   4.92570e-01   3.42565e-01  -3.63202e-01  -1.83341e+00  -5.80792e+00  -1.76081e+01  -4.28100e+01   9.14357e-07   4.28100e+01   1.76076e+01   5.80792e+00   1.83342e+00   3.63720e-01  -3.42301e-01  -4.92566e-01  -3.92367e-01  -1.97050e-01   5.10140e-02   2.57292e-01   1.16994e-01   1.36907e-01   4.38539e-01   7.58192e-01   1.05988e+00   1.33978e+00   1.58659e+00   1.77679e+00   1.86882e+00   1.78493e+00   1.33036e+00  -7.17910e-02  -2.93427e+00  -6.87836e+00  -1.42581e+01  -2.91290e+01  -6.13108e+01  -1.25501e+02   8.01399e+00
   6.50000e-03  -2.49084e+01   1.65847e+02   5.38452e+01   2.15869e+01   9.44034e+00   3.91012e+00   1.29250e+00  -1.55324e+00  -2.61711e+00  -2.61506e+00  -2.45651e+00  -2.20906e+00  -1.90866e+00  -1.57807e+00  -1.22984e+00  -8.65292e-01  -4.66772e-01  -1.02205e-02   2.92079e-02  -4.53581e-01  -4.31545e-02   3.15497e-01   6.16284e-01   8.76468e-01   9.96758e-01   3.42678e-01  -4.75865e-01  -3.47716e+00  -1.63188e+01  -8.17777e+01  -3.49973e-05   8.17777e+01   1.63188e+01   3.47716e+00   4.75607e-01  -3.42676e-01  -9.96233e-01  -8.76728e-01  -6.16806e-01  -3.15495e-01   4.26327e-02   4.53582e-01  -2.89425e-02   1.02227e-02   4.67298e-01   8.64248e-01   1.22985e+00   1.57781e+00   1.90840e+00   2.20906e+00   2.45651e+00   2.61557e+00   2.61736e+00   1.55402e+00  -1.29249e+00  -3.91011e+00  -9.44033e+00  -2.15869e+01  -5.38447e+01  -1.65848e+02   2.49084e+01
   6.00000e-03  -9.94146e+01   2.03454e+02   3.43708e+01   1.11730e+01   3.53967e+00   3.61064e-01  -4.64719e-01  -5.08142e+00  -4.08898e+00  -3.53914e+00  -3.12145e+00  -2.70260e+00  -2.27866e+00  -1.85233e+00  -1.42797e+00  -9.94717e-01  -5.22015e-01   1.25644e-01   1.24107e+00  -7.87101e-01  -1.25778e-02   4.57797e-01   8.67170e-01   1.30176e+00   1.99972e+00   9.47122e-01   1.37232e+00   6.48765e-01  -5.52724e+00  -1.01059e+02   2.82436e-06   1.01059e+02   5.52671e+00  -6.48767e-01  -1.37258e+00  -9.47385e-01  -2.00025e+00  -1.30176e+00  -8.67438e-01  -4.57794e-01   1.25789e-02   7.87103e-01  -1.24053e+00  -1.25373e-01   5.22285e-01   9.95254e-01   1.42797e+00   1.85287e+00   2.27866e+00   2.70313e+00   3.12119e+00   3.53914e+00   4.08846e+00   5.08116e+00   4.64206e-01  -3.61049e-01  -3.53914e+00  -1.11727e+01  -3.43708e+01  -2.03454e+02   9.94145e+01
   5.50000e-03  -1.81593e+02  -1.14911e+01   1.15971e+00  -2.62926e+00  -4.07560e+00  -4.38635e+00  -3.58183e+00  -7.15209e+00  -5.72076e+00  -4.75222e+00  -4.04068e+00  -3.40620e+00  -2.81701e+00  -2.26298e+00  -1.73378e+00  -1.21096e+00  -6.56325e-01   7.81997e-02   1.25784e+00  -8.04382e-01   8.36826e-02   6.54024e-01   1.18599e+00   1.79222e+00   2.75404e+00   2.12681e+00   3.71618e+00   6.08754e+00   1.31316e+01   8.60041e+01   2.46809e-06  -8.60041e+01  -1.31316e+01  -6.08754e+00  -3.71618e+00  -2.12681e+00  -2.75404e+00  -1.79222e+00  -1.18599e+00  -6.54024e-01  -8.36831e-02   8.03808e-01  -1.25784e+00  -7.81998e-02   6.56326e-01   1.21096e+00   1.73378e+00   2.26298e+00   2.81701e+00   3.40620e+00   4.04068e+00   4.75222e+00   5.72076e+00   7.15209e+00   3.58183e+00   4.38635e+00   4.07560e+00   2.62929e+00  -1.15971e+00   1.14909e+01   1.81593e+02
   5.00000e-03  -1.15646e+02  -7.67579e+01  -2.25660e+01  -1.28049e+01  -9.61068e+00  -7.81812e+00  -6.37259e+00  -6.61843e+00  -6.28841e+00  -5.28251e+00  -4.42325e+00  -3.67361e+00  -3.00267e+00  -2.39212e+00  -1.82567e+00  -1.28317e+00  -7.35113e-01  -1.42547e-01  -8.59178e-04  -3.65089e-01   2.18427e-01   7.79394e-01   1.35010e+00   2.01016e+00   2.77606e+00   3.37563e+00   5.36061e+00   9.77544e+00   2.36364e+01   8.45449e+01   1.60663e-07  -8.45449e+01  -2.36359e+01  -9.77544e+00  -5.36061e+00  -3.37645e+00  -2.77606e+00  -2.01043e+00  -1.35009e+00  -7.79394e-01  -2.18427e-01   3.65089e-01   8.59460e-04   1.42547e-01   7.35113e-01   1.28317e+00   1.82567e+00   2.39212e+00   3.00267e+00   3.67361e+00   4.42325e+00   5.28251e+00   6.28841e+00   6.61817e+00   6.37259e+00   7.81813e+00   9.61067e+00   1.28049e+01   2.25661e+01   7.67580e+01   1.15646e+02
   4.50000e-03  -7.59314e+01  -6.59581e+01  -3.34682e+01  -1.99112e+01  -1.40489e+01  -1.07895e+01  -8.68199e+00  -7.70520e+00  -6.86605e+00  -5.77792e+00  -4.79359e+00  -3.93908e+00  -3.19205e+00  -2.52632e+00  -1.92496e+00  -1.36441e+00  -8.28649e-01  -3.37088e-01  -1.38461e-01  -8.25191e-02   3.60060e-01   9.00717e-01   1.49463e+00   2.18966e+00   3.01368e+00   4.12131e+00   6.42051e+00   1.14063e+01   2.38034e+01   4.65593e+01   0.00000e+00  -4.65593e+01  -2.38034e+01  -1.14063e+01  -6.42051e+00  -4.12079e+00  -3.01368e+00  -2.18966e+00  -1.49463e+00  -9.00716e-01  -3.60060e-01   8.25191e-02   1.38461e-01   3.37616e-01   8.28649e-01   1.36441e+00   1.92496e+00   2.52632e+00   3.19153e+00   3.93908e+00   4.79359e+00   5.77792e+00   6.86605e+00   7.70519e+00   8.68199e+00   1.07895e+01   1.40489e+01   1.99112e+01   3.34686e+01   6.59581e+01   7.59314e+01
   4.00000e-03  -5.57595e+01  -5.34386e+01  -3.60026e+01  -2.39454e+01  -1.72266e+01  -1.31455e+01  -1.04657e+01  -8.76814e+00  -7.46437e+00  -6.22391e+00  -5.12330e+00  -4.17753e+00  -3.36216e+00  -2.64884e+00  -2.01612e+00  -1.44221e+00  -9.15172e-01  -4.60931e-01  -1.72723e-01   6.39916e-02   4.80149e-01   1.00663e+00   1.61265e+00   2.33179e+00   3.22614e+00   4.52169e+00   6.84078e+00   1.12727e+01   1.94307e+01   2.54672e+01   0.00000e+00  -2.54672e+01  -1.94307e+01  -1.12727e+01  -6.84078e+00  -4.52119e+00  -3.22614e+00  -2.33179e+00  -1.61316e+00  -1.00663e+00  -4.80150e-01  -6.39915e-02   1.72723e-01   4.60931e-01   9.15171e-01   1.44221e+00   2.01612e+00   2.64961e+00   3.36242e+00   4.17753e+00   5.12330e+00   6.22391e+00   7.46387e+00   8.76814e+00   1.04657e+01   1.31455e+01   1.72266e+01   2.39454e+01   3.60026e+01   5.34386e+01   5.57596e+01
   3.50000e-03  -4.42037e+01  -4.44050e+01  -3.49975e+01  -2.57320e+01  -1.92769e+01  -1.48908e+01  -1.18312e+01  -9.67918e+00  -8.02953e+00  -6.62129e+00  -5.41279e+00  -4.38672e+00  -3.51241e+00  -2.75834e+00  -2.09921e+00  -1.51207e+00  -9.86776e-01  -5.35338e-01  -1.84311e-01   1.45909e-01   5.71948e-01   1.09425e+00   1.70563e+00   2.43578e+00   3.35897e+00   4.66729e+00   6.76176e+00   1.01628e+01   1.46767e+01   1.47726e+01   0.00000e+00  -1.47726e+01  -1.46767e+01  -1.01628e+01  -6.76176e+00  -4.66729e+00  -3.35897e+00  -2.43578e+00  -1.70563e+00  -1.09425e+00  -5.71948e-01  -1.45909e-01   1.84311e-01   5.35338e-01   9.86776e-01   1.51182e+00   2.09921e+00   2.75834e+00   3.51241e+00   4.38672e+00   5.41279e+00   6.62129e+00   8.02953e+00   9.67918e+00   1.18312e+01   1.48908e+01   1.92769e+01   2.57320e+01   3.49975e+01   4.44050e+01   4.42039e+01
   3.00000e-03  -3.69483e+01  -3.80941e+01  -3.29286e+01  -2.61680e+01  -2.04585e+01  -1.61095e+01  -1.28558e+01  -1.04209e+01  -8.52602e+00  -6.96718e+00  -5.66246e+00  -4.56640e+00  -3.64193e+00  -2.85323e+00  -2.17021e+00  -1.57142e+00  -1.04185e+00  -5.82267e-01  -1.87787e-01   1.96057e-01   6.38824e-01   1.16187e+00   1.77330e+00   2.50240e+00   3.41206e+00   4.63660e+00   6.38205e+00   8.74406e+00   1.08874e+01   9.16238e+00   2.89764e-09  -9.16238e+00  -1.08874e+01  -8.74406e+00  -6.38205e+00  -4.63660e+00  -3.41206e+00  -2.50240e+00  -1.77330e+00  -1.16187e+00  -6.38824e-01  -1.96057e-01   1.87787e-01   5.82267e-01   1.04234e+00   1.57142e+00   2.17021e+00   2.85323e+00   3.64193e+00   4.56640e+00   5.66246e+00   6.96718e+00   8.52602e+00   1.04209e+01   1.28558e+01   1.61095e+01   2.04583e+01   2.61680e+01   3.29286e+01   3.80941e+01   3.69483e+01
   2.50000e-03  -3.21306e+01  -3.36510e+01  -3.07993e+01  -2.59165e+01  -2.10457e+01  -1.69143e+01  -1.36041e+01  -1.10035e+01  -8.93978e+00  -7.26004e+00  -5.87155e+00  -4.71665e+00  -3.75054e+00  -2.93262e+00  -2.23101e+00  -1.62036e+00  -1.08452e+00  -6.12100e-01  -1.88560e-01   2.28108e-01   6.86406e-01   1.21158e+00   1.82000e+00   2.53607e+00   3.40482e+00   4.49918e+00   5.87800e+00   7.39608e+00   8.16933e+00   6.06630e+00   0.00000e+00  -6.06630e+00  -8.16933e+00  -7.39608e+00  -5.87800e+00  -4.49918e+00  -3.40482e+00  -2.53607e+00  -1.82047e+00  -1.21182e+00  -6.86406e-01  -2.28108e-01   1.88560e-01   6.12100e-01   1.08452e+00   1.62036e+00   2.23101e+00   2.93262e+00   3.75054e+00   4.71665e+00   5.87155e+00   7.26004e+00   8.93978e+00   1.10035e+01   1.36041e+01   1.69143e+01   2.10453e+01   2.59165e+01   3.07993e+01   3.36510e+01   3.21306e+01
   2.00000e-03  -2.88458e+01  -3.05144e+01  -2.89678e+01  -2.53943e+01  -2.12679e+01  -1.74158e+01  -1.41310e+01  -1.14432e+01  -9.26774e+00  -7.49628e+00  -6.04142e+00  -4.83952e+00  -3.83896e+00  -2.99671e+00  -2.27971e+00  -1.65954e+00  -1.11580e+00  -6.32178e-01  -1.88257e-01   2.50068e-01   7.19561e-01   1.24743e+00   1.85008e+00   2.54705e+00   3.36248e+00   4.31704e+00   5.37127e+00   6.27836e+00   6.30828e+00   4.28190e+00   0.00000e+00  -4.28190e+00  -6.30828e+00  -6.27836e+00  -5.37127e+00  -4.31704e+00  -3.36248e+00  -2.54705e+00  -1.85008e+00  -1.24743e+00  -7.19561e-01  -2.50068e-01   1.88257e-01   6.32178e-01   1.11580e+00   1.65954e+00   2.27971e+00   2.99671e+00   3.83896e+00   4.83952e+00   6.04142e+00   7.49628e+00   9.26774e+00   1.14432e+01   1.41310e+01   1.74158e+01   2.12679e+01   2.53943e+01   2.89678e+01   3.05144e+01   2.88458e+01
   1.50000e-03  -2.66133e+01  -2.83360e+01  -2.75407e+01  -2.48398e+01  -2.12957e+01  -1.77095e+01  -1.44864e+01  -1.17598e+01  -9.51429e+00  -7.67699e+00  -6.17178e+00  -4.93391e+00  -3.90659e+00  -3.04674e+00  -2.31756e+00  -1.68889e+00  -1.13828e+00  -6.46356e-01  -1.88817e-01   2.64116e-01   7.42312e-01   1.27104e+00   1.86726e+00   2.54329e+00   3.30590e+00   4.13550e+00   4.93526e+00   5.43253e+00   5.07606e+00   3.22901e+00  -1.58542e-09  -3.22901e+00  -5.07606e+00  -5.43275e+00  -4.93526e+00  -4.13550e+00  -3.30590e+00  -2.54329e+00  -1.86726e+00  -1.27104e+00  -7.42312e-01  -2.64116e-01   1.88587e-01   6.46356e-01   1.13828e+00   1.68889e+00   2.31756e+00   3.04674e+00   3.90659e+00   4.93391e+00   6.17178e+00   7.67699e+00   9.51429e+00   1.17598e+01   1.44864e+01   1.77095e+01   2.12957e+01   2.48398e+01   2.75407e+01   2.83360e+01   2.66133e+01
   1.00000e-03  -2.51639e+01  -2.69030e+01  -2.65346e+01  -2.43817e+01  -2.12453e+01  -1.78687e+01  -1.47112e+01  -1.19721e+01  -9.68451e+00  -7.80490e+00  -6.26478e+00  -5.00084e+00  -3.95506e+00  -3.08216e+00  -2.34385e+00  -1.70951e+00  -1.15348e+00  -6.54937e-01  -1.88428e-01   2.73286e-01   7.56853e-01   1.28597e+00   1.87564e+00   2.53456e+00   3.25333e+00   3.98690e+00   4.60839e+00   4.85141e+00   4.30219e+00   2.61579e+00   0.00000e+00  -2.61579e+00  -4.30219e+00  -4.85141e+00  -4.60839e+00  -3.98690e+00  -3.25333e+00  -2.53456e+00  -1.87564e+00  -1.28596e+00  -7.56625e-01  -2.73286e-01   1.88201e-01   6.54937e-01   1.15348e+00   1.70951e+00   2.34385e+00   3.08216e+00   3.95506e+00   5.00084e+00   6.26478e+00   7.80490e+00   9.68451e+00   1.19723e+01   1.47112e+01   1.78687e+01   2.12453e+01   2.43817e+01   2.65346e+01   2.69029e+01   2.51639e+01
   5.00000e-04  -2.43459e+01  -2.60877e+01  -2.59388e+01  -2.40867e+01  -2.11895e+01  -1.79446e+01  -1.48340e+01  -1.20928e+01  -9.78418e+00  -7.88029e+00  -6.32024e+00  -5.04054e+00  -3.98402e+00  -3.10338e+00  -2.35936e+00  -1.72104e+00  -1.16242e+00  -6.59644e-01  -1.88051e-01   2.77868e-01   7.65522e-01   1.29419e+00   1.87973e+00   2.52632e+00   3.21642e+00   3.89073e+00   4.40771e+00   4.51385e+00   3.87810e+00   2.29471e+00   0.00000e+00  -2.29471e+00  -3.87810e+00  -4.51385e+00  -4.40771e+00  -3.89073e+00  -3.21642e+00  -2.52632e+00  -1.87973e+00  -1.29419e+00  -7.65296e-01  -2.77868e-01   1.88051e-01   6.59644e-01   1.16242e+00   1.72126e+00   2.35936e+00   3.10338e+00   3.98402e+00   5.04054e+00   6.32024e+00   7.88029e+00   9.78418e+00   1.20928e+01   1.48340e+01   1.79446e+01   2.11895e+01   2.40867e+01   2.59388e+01   2.60877e+01   2.43459e+01
   0.00000e+00  -2.40814e+01  -2.58231e+01  -2.57421e+01  -2.39852e+01  -2.11669e+01  -1.79670e+01  -1.48728e+01  -1.21323e+01  -9.81708e+00  -7.90523e+00  -6.33882e+00  -5.05348e+00  -3.99364e+00  -3.10985e+00  -2.36491e+00  -1.72550e+00  -1.16499e+00  -6.61795e-01  -1.88601e-01   2.79832e-01   7.67252e-01   1.29652e+00   1.88121e+00   2.52304e+00   3.20365e+00   3.85788e+00   4.34020e+00   4.40302e+00   3.74236e+00   2.19460e+00   0.00000e+00  -2.19460e+00  -3.74236e+00  -4.40302e+00  -4.34020e+00  -3.85788e+00  -3.20365e+00  -2.52304e+00  -1.88121e+00  -1.29652e+00  -7.67252e-01  -2.79832e-01   1.88601e-01   6.61795e-01   1.16499e+00   1.72550e+00   2.36491e+00   3.10985e+00   3.99364e+00   5.05348e+00   6.33882e+00   7.90523e+00   9.81708e+00   1.21323e+01   1.48728e+01   1.79670e+01   2.11669e+01   2.39852e+01   2.57421e+01   2.58231e+01   2.40814e+01
  -5.00000e-04  -2.43459e+01  -2.60877e+01  -2.59388e+01  -2.40867e+01  -2.11895e+01  -1.79446e+01  -1.48340e+01  -1.20928e+01  -9.78418e+00  -7.88029e+00  -6.32024e+00  -5.04054e+00  -3.98402e+00  -3.10338e+00  -2.35936e+00  -1.72104e+00  -1.16242e+00  -6.59644e-01  -1.88051e-01   2.77868e-01   7.65522e-01   1.29419e+00   1.87973e+00   2.52632e+00   3.21642e+00   3.89073e+00   4.40771e+00   4.51385e+00   3.87810e+00   2.29471e+00   0.00000e+00  -2.29471e+00  -3.87810e+00  -4.51385e+00  -4.40771e+00  -3.89073e+00  -3.21642e+00  -2.52632e+00  -1.87973e+00  -1.29419e+00  -7.65296e-01  -2.77868e-01   1.88051e-01   6.59644e-01   1.16242e+00   1.72126e+00   2.35936e+00   3.10338e+00   3.98402e+00   5.04054e+00   6.32024e+00   7.88029e+00   9.78418e+00   1.20928e+01   1.48340e+01   1.79446e+01   2.11895e+01   2.40867e+01   2.59388e+01   2.60877e+01   2.43459e+01
  -1.00000e-03  -2.51639e+01  -2.69029e+01  -2.65346e+01  -2.43817e+01  -2.12453e+01  -1.78687e+01  -1.47112e+01  -1.19721e+01  -9.68451e+00  -7.80490e+00  -6.26478e+00  -5.00084e+00  -3.95506e+00  -3.08216e+00  -2.34385e+00  -1.70951e+00  -1.15348e+00  -6.54937e-01  -1.88428e-01   2.73286e-01   7.56853e-01   1.28596e+00   1.87564e+00   2.53456e+00   3.25333e+00   3.98690e+00   4.60839e+00   4.85141e+00   4.30219e+00   2.61579e+00  -1.44391e-09  -2.61601e+00  -4.30219e+00  -4.85141e+00  -4.60839e+00  -3.98690e+00  -3.25333e+00  -2.53456e+00  -1.87564e+00  -1.28596e+00  -7.56625e-01  -2.73286e-01   1.88428e-01   6.54482e-01   1.15348e+00   1.70951e+00   2.34385e+00   3.08216e+00   3.95506e+00   5.00084e+00   6.26478e+00   7.80490e+00   9.68451e+00   1.19721e+01   1.47112e+01   1.78687e+01   2.12453e+01   2.43817e+01   2.65346e+01   2.69029e+01   2.51639e+01
  -1.50000e-03  -2.66133e+01  -2.83360e+01  -2.75407e+01  -2.48398e+01  -2.12957e+01  -1.77095e+01  -1.44864e+01  -1.17598e+01  -9.51429e+00  -7.67699e+00  -6.17178e+00  -4.93391e+00  -3.90659e+00  -3.04674e+00  -2.31756e+00  -1.68889e+00  -1.13828e+00  -6.46356e-01  -1.88817e-01   2.64116e-01   7.42312e-01   1.27104e+00   1.86726e+00   2.54329e+00   3.30590e+00   4.13550e+00   4.93526e+00   5.43253e+00   5.07606e+00   3.22901e+00  -2.87402e-09  -3.22901e+00  -5.07606e+00  -5.43275e+00  -4.93526e+00  -4.13550e+00  -3.30590e+00  -2.54329e+00  -1.86726e+00  -1.27104e+00  -7.42312e-01  -2.64116e-01   1.88817e-01   6.46356e-01   1.13828e+00   1.68889e+00   2.31756e+00   3.04674e+00   3.90659e+00   4.93391e+00   6.17178e+00   7.67699e+00   9.51429e+00   1.17598e+01   1.44864e+01   1.77095e+01   2.12957e+01   2.48398e+01   2.75407e+01   2.83360e+01   2.66133e+01
  -2.00000e-03  -2.88458e+01  -3.05144e+01  -2.89678e+01  -2.53943e+01  -2.12679e+01  -1.74158e+01  -1.41310e+01  -1.14432e+01  -9.26774e+00  -7.49628e+00  -6.04142e+00  -4.83952e+00  -3.83896e+00  -2.99671e+00  -2.27971e+00  -1.65954e+00  -1.11580e+00  -6.32178e-01  -1.88257e-01   2.50068e-01   7.19561e-01   1.24743e+00   1.85008e+00   2.54705e+00   3.36248e+00   4.31704e+00   5.37127e+00   6.27836e+00   6.30828e+00   4.28190e+00  -4.30740e-09  -4.28190e+00  -6.30828e+00  -6.27836e+00  -5.37127e+00  -4.31704e+00  -3.36248e+00  -2.54705e+00  -1.85008e+00  -1.24743e+00  -7.19561e-01  -2.50068e-01   1.88257e-01   6.32178e-01   1.11580e+00   1.65954e+00   2.27971e+00   2.99671e+00   3.83896e+00   4.83952e+00   6.04142e+00   7.49628e+00   9.26774e+00   1.14432e+01   1.41310e+01   1.74158e+01   2.12679e+01   2.53943e+01   2.89678e+01   3.05144e+01   2.88458e+01
  -2.50000e-03  -3.21306e+01  -3.36510e+01  -3.07993e+01  -2.59165e+01  -2.10457e+01  -1.69141e+01  -1.36041e+01  -1.10035e+01  -8.93978e+00  -7.26004e+00  -5.87155e+00  -4.71665e+00  -3.75054e+00  -2.93262e+00  -2.23101e+00  -1.62036e+00  -1.08452e+00  -6.12100e-01  -1.88560e-01   2.28108e-01   6.86406e-01   1.21158e+00   1.82000e+00   2.53654e+00   3.40482e+00   4.49918e+00   5.87800e+00   7.39608e+00   8.16933e+00   6.06630e+00  -6.64157e-09  -6.06630e+00  -8.16933e+00  -7.39608e+00  -5.87800e+00  -4.49918e+00  -3.40482e+00  -2.53607e+00  -1.82000e+00  -1.21182e+00  -6.86406e-01  -2.28108e-01   1.88560e-01   6.12100e-01   1.08452e+00   1.62036e+00   2.23101e+00   2.93262e+00   3.75054e+00   4.71665e+00   5.87155e+00   7.26004e+00   8.93978e+00   1.10035e+01   1.36041e+01   1.69143e+01   2.10453e+01   2.59165e+01   3.07993e+01   3.36510e+01   3.21306e+01
  -3.00000e-03  -3.69483e+01  -3.80941e+01  -3.29286e+01  -2.61680e+01  -2.04585e+01  -1.61095e+01  -1.28558e+01  -1.04209e+01  -8.52579e+00  -6.96718e+00  -5.66246e+00  -4.56640e+00  -3.64193e+00  -2.85323e+00  -2.17021e+00  -1.57142e+00  -1.04185e+00  -5.82267e-01  -1.87787e-01   1.96057e-01   6.38824e-01   1.16187e+00   1.77330e+00   2.50240e+00   3.41206e+00   4.63660e+00   6.38205e+00   8.74406e+00   1.08874e+01   9.16238e+00  -8.85313e-09  -9.16238e+00  -1.08874e+01  -8.74406e+00  -6.38205e+00  -4.63660e+00  -3.41206e+00  -2.50240e+00  -1.77330e+00  -1.16187e+00  -6.38824e-01  -1.96057e-01   1.87787e-01   5.82267e-01   1.04234e+00   1.57142e+00   2.17021e+00   2.85323e+00   3.64193e+00   4.56640e+00   5.66246e+00   6.96718e+00   8.52602e+00   1.04209e+01   1.28558e+01   1.61095e+01   2.04583e+01   2.61680e+01   3.29286e+01   3.80939e+01   3.69483e+01
  -3.50000e-03  -4.42039e+01  -4.44050e+01  -3.49975e+01  -2.57320e+01  -1.92769e+01  -1.48908e+01  -1.18312e+01  -9.67918e+00  -8.02953e+00  -6.62129e+00  -5.41279e+00  -4.38672e+00  -3.51241e+00  -2.75834e+00  -2.09921e+00  -1.51207e+00  -9.86776e-01  -5.35338e-01  -1.84311e-01   1.45909e-01   5.71948e-01   1.09425e+00   1.70563e+00   2.43578e+00   3.35897e+00   4.66729e+00   6.76176e+00   1.01628e+01   1.46767e+01   1.47726e+01  -1.21035e-08  -1.47726e+01  -1.46767e+01  -1.01628e+01  -6.76176e+00  -4.66729e+00  -3.35897e+00  -2.43578e+00  -1.70563e+00  -1.09425e+00  -5.71948e-01  -1.45909e-01   1.84311e-01   5.35338e-01   9.86776e-01   1.51207e+00   2.09921e+00   2.75834e+00   3.51241e+00   4.38672e+00   5.41279e+00   6.62129e+00   8.02953e+00   9.67918e+00   1.18312e+01   1.48908e+01   1.92769e+01   2.57320e+01   3.49975e+01   4.44050e+01   4.42039e+01
  -4.00000e-03  -5.57596e+01  -5.34386e+01  -3.60026e+01  -2.39454e+01  -1.72266e+01  -1.31454e+01  -1.04657e+01  -8.76814e+00  -7.46437e+00  -6.22391e+00  -5.12330e+00  -4.17753e+00  -3.36216e+00  -2.64884e+00  -2.01612e+00  -1.44221e+00  -9.15172e-01  -4.60931e-01  -1.72723e-01   6.39916e-02   4.80149e-01   1.00663e+00   1.61265e+00   2.33179e+00   3.22614e+00   4.52169e+00   6.84078e+00   1.12727e+01   1.94307e+01   2.54672e+01   0.00000e+00  -2.54672e+01  -1.94307e+01  -1.12727e+01  -6.84078e+00  -4.52169e+00  -3.22614e+00  -2.33179e+00  -1.61265e+00  -1.00663e+00  -4.80150e-01  -6.39915e-02   1.72723e-01   4.60931e-01   9.15171e-01   1.44221e+00   2.01663e+00   2.64961e+00   3.36242e+00   4.17753e+00   5.12330e+00   6.22391e+00   7.46437e+00   8.76814e+00   1.04657e+01   1.31455e+01   1.72266e+01   2.39454e+01   3.60026e+01   5.34386e+01   5.57595e+01
  -4.50000e-03  -7.59314e+01  -6.59581e+01  -3.34686e+01  -1.99112e+01  -1.40489e+01  -1.07895e+01  -8.68199e+00  -7.70520e+00  -6.86605e+00  -5.77792e+00  -4.79359e+00  -3.93908e+00  -3.19205e+00  -2.52632e+00  -1.92496e+00  -1.36441e+00  -8.28649e-01  -3.37088e-01  -1.38461e-01  -8.25192e-02   3.60060e-01   9.00717e-01   1.49463e+00   2.18966e+00   3.01368e+00   4.12079e+00   6.42051e+00   1.14063e+01   2.38034e+01   4.65593e+01   0.00000e+00  -4.65593e+01  -2.38034e+01  -1.14063e+01  -6.42051e+00  -4.12079e+00  -3.01368e+00  -2.18966e+00  -1.49463e+00  -9.00717e-01  -3.60060e-01   8.25191e-02   1.38461e-01   3.37617e-01   8.28649e-01   1.36441e+00   1.92496e+00   2.52632e+00   3.19153e+00   3.93908e+00   4.79359e+00   5.77792e+00   6.86605e+00   7.70519e+00   8.68199e+00   1.07895e+01   1.40489e+01   1.99112e+01   3.34686e+01   6.59581e+01   7.59314e+01
  -5.00000e-03  -1.15646e+02  -7.67581e+01  -2.25661e+01  -1.28049e+01  -9.61069e+00  -7.81812e+00  -6.37259e+00  -6.61817e+00  -6.28841e+00  -5.28251e+00  -4.42325e+00  -3.67361e+00  -3.00267e+00  -2.39212e+00  -1.82567e+00  -1.28317e+00  -7.35113e-01  -1.42547e-01  -8.59175e-04  -3.65089e-01   2.18427e-01   7.79668e-01   1.35009e+00   2.01043e+00   2.77606e+00   3.37618e+00   5.36061e+00   9.77544e+00   2.36359e+01   8.45449e+01   3.23553e-07  -8.45449e+01  -2.36359e+01  -9.77543e+00  -5.36061e+00  -3.37645e+00  -2.77606e+00  -2.01043e+00  -1.35009e+00  -7.79394e-01  -2.18427e-01   3.65089e-01   8.59462e-04   1.42547e-01   7.35113e-01   1.28317e+00   1.82567e+00   2.39212e+00   3.00267e+00   3.67361e+00   4.42325e+00   5.28251e+00   6.28841e+00   6.61843e+00   6.37259e+00   7.81812e+00   9.61068e+00   1.28049e+01   2.25660e+01   7.67579e+01   1.15646e+02
  -5.50000e-03  -1.81593e+02  -1.14909e+01   1.15971e+00  -2.62929e+00  -4.07560e+00  -4.38635e+00  -3.58183e+00  -7.15209e+00  -5.72076e+00  -4.75222e+00  -4.04068e+00  -3.40620e+00  -2.81701e+00  -2.26298e+00  -1.73378e+00  -1.21096e+00  -6.56326e-01   7.81993e-02   1.25727e+00  -8.03808e-01   8.36817e-02   6.54025e-01   1.18599e+00   1.79222e+00   2.75404e+00   2.12681e+00   3.71618e+00   6.08754e+00   1.31316e+01   8.60041e+01   2.57055e-06  -8.60041e+01  -1.31316e+01  -6.08754e+00  -3.71618e+00  -2.12681e+00  -2.75404e+00  -1.79222e+00  -1.18656e+00  -6.54024e-01  -8.36817e-02   8.04383e-01  -1.25841e+00  -7.81997e-02   6.56326e-01   1.21096e+00   1.73378e+00   2.26298e+00   2.81701e+00   3.40620e+00   4.04068e+00   4.75222e+00   5.72076e+00   7.15209e+00   3.58183e+00   4.38635e+00   4.07560e+00   2.62929e+00  -1.15971e+00   1.14911e+01   1.81593e+02
  -6.00000e-03  -9.94145e+01   2.03454e+02   3.43708e+01   1.11730e+01   3.53969e+00   3.61054e-01  -4.64720e-01  -5.08142e+00  -4.08898e+00  -3.53914e+00  -3.12145e+00  -2.70260e+00  -2.27866e+00  -1.85234e+00  -1.42797e+00  -9.94717e-01  -5.22551e-01   1.25644e-01   1.24107e+00  -7.87102e-01  -1.25779e-02   4.57796e-01   8.67438e-01   1.30176e+00   2.00025e+00   9.47387e-01   1.37258e+00   6.48502e-01  -5.52670e+00  -1.01059e+02   3.79902e-06   1.01059e+02   5.52670e+00  -6.48767e-01  -1.37258e+00  -9.47387e-01  -2.00025e+00  -1.30176e+00  -8.67438e-01  -4.57795e-01   1.25790e-02   7.87101e-01  -1.24053e+00  -1.25374e-01   5.22285e-01   9.95254e-01   1.42797e+00   1.85287e+00   2.27866e+00   2.70313e+00   3.12119e+00   3.53914e+00   4.08846e+00   5.08116e+00   4.64198e-01  -3.61050e-01  -3.53914e+00  -1.11728e+01  -3.43708e+01  -2.03454e+02   9.94145e+01
  -6.50000e-03  -2.49084e+01   1.65847e+02   5.38452e+01   2.15869e+01   9.44035e+00   3.91038e+00   1.29250e+00  -1.55325e+00  -2.61710e+00  -2.61557e+00  -2.45650e+00  -2.20932e+00  -1.90865e+00  -1.57807e+00  -1.22984e+00  -8.65292e-01  -4.66771e-01  -1.02207e-02   2.92052e-02  -4.53581e-01  -4.31535e-02   3.15497e-01   6.16807e-01   8.76729e-01   9.96235e-01   3.42678e-01  -4.75608e-01  -3.47715e+00  -1.63188e+01  -8.17777e+01   2.01700e-06   8.17777e+01   1.63188e+01   3.47716e+00   4.75607e-01  -3.42677e-01  -9.96234e-01  -8.76728e-01  -6.16806e-01  -3.15496e-01   4.26329e-02   4.53581e-01  -2.89432e-02   1.02218e-02   4.67294e-01   8.64248e-01   1.22985e+00   1.57781e+00   1.90840e+00   2.20906e+00   2.45651e+00   2.61558e+00   2.61736e+00   1.55402e+00  -1.29249e+00  -3.91010e+00  -9.44036e+00  -2.15869e+01  -5.38447e+01  -1.65848e+02   2.49084e+01
  -7.00000e-03  -8.01399e+00   1.25501e+02   6.13108e+01   2.91295e+01   1.42581e+01   6.87811e+00   2.93428e+00   7.17958e-02  -1.33036e+00  -1.78441e+00  -1.86881e+00  -1.77627e+00  -1.58633e+00  -1.33978e+00  -1.06013e+00  -7.58190e-01  -4.38278e-01  -1.36905e-01  -1.16993e-01  -2.57291e-01  -4.91851e-02   1.97054e-01   3.92367e-01   4.92566e-01   3.42305e-01  -3.63718e-01  -1.83342e+00  -5.80792e+00  -1.76076e+01  -4.28100e+01   1.42175e-06   4.28100e+01   1.76076e+01   5.80792e+00   1.83341e+00   3.63719e-01  -3.42305e-01  -4.92569e-01  -3.92366e-01  -1.97052e-01   5.04940e-02   2.57289e-01   1.16996e-01   1.36907e-01   4.38536e-01   7.58192e-01   1.05988e+00   1.33978e+00   1.58659e+00   1.77678e+00   1.86882e+00   1.78492e+00   1.33011e+00  -7.17927e-02  -2.93376e+00  -6.87838e+00  -1.42580e+01  -2.91290e+01  -6.13108e+01  -1.25501e+02   8.01399e+00
  -7.50000e-03  -8.16648e-01   1.07186e+02   6.31581e+01   3.38856e+01   1.77974e+01   9.19846e+00   4.40742e+00   1.32065e+00  -2.81557e-01  -1.04467e+00  -1.33381e+00  -1.37889e+00  -1.28883e+00  -1.11912e+00  -9.03535e-01  -6.61767e-01  -4.11919e-01  -2.03814e-01  -1.55710e-01  -1.75868e-01  -5.83504e-02   9.47243e-02   1.94899e-01   1.68809e-01  -1.31253e-01  -9.42186e-01  -2.64933e+00  -6.47915e+00  -1.45407e+01  -2.29058e+01   1.20224e-06   2.29058e+01   1.45407e+01   6.47915e+00   2.64934e+00   9.42188e-01   1.31254e-01  -1.68808e-01  -1.94902e-01  -9.47235e-02   5.91414e-02   1.75866e-01   1.55450e-01   2.03563e-01   4.12176e-01   6.61257e-01   9.03032e-01   1.11938e+00   1.28883e+00   1.37941e+00   1.33381e+00   1.04492e+00   2.81304e-01  -1.32014e+00  -4.40743e+00  -9.19820e+00  -1.77974e+01  -3.38856e+01  -6.31583e+01  -1.07186e+02   8.16648e-01
# Vertical Kick [micro-rad]
START
                -3.00000e-02  -2.90000e-02  -2.80000e-02  -2.70000e-02  -2.60000e-02  -2.50000e-02  -2.40000e-02  -2.30000e-02  -2.20000e-02  -2.10000e-02  -2.00000e-02  -1.90000e-02  -1.80000e-02  -1.70000e-02  -1.60000e-02  -1.50000e-02  -1.40000e-02  -1.30000e-02  -1.20000e-02  -1.10000e-02  -1.00000e-02  -9.00000e-03  -8.00000e-03  -7.00000e-03  -6.00000e-03  -5.00000e-03  -4.00000e-03  -3.00000e-03  -2.00000e-03  -1.00000e-03   0.00000e+00   1.00000e-03   2.00000e-03   3.00000e-03   4.00000e-03   5.00000e-03   6.00000e-03   7.00000e-03   8.00000e-03   9.00000e-03   1.00000e-02   1.10000e-02   1.20000e-02   1.30000e-02   1.40000e-02   1.50000e-02   1.60000e-02   1.70000e-02   1.80000e-02   1.90000e-02   2.00000e-02   2.10000e-02   2.20000e-02   2.30000e-02   2.40000e-02   2.50000e-02   2.60000e-02   2.70000e-02   2.80000e-02   2.90000e-02   3.00000e-02
   7.50000e-03   2.07415e+01  -5.88563e+00  -1.50722e+01  -9.55898e+00  -2.99689e+00   1.80000e+00   5.03241e+00   7.38390e+00   9.45054e+00   1.10621e+01   1.22426e+01   1.31190e+01   1.37780e+01   1.42730e+01   1.46349e+01   1.48785e+01   1.50027e+01   1.49870e+01   1.48959e+01   1.49473e+01   1.49962e+01   1.48884e+01   1.46144e+01   1.41459e+01   1.34471e+01   1.25621e+01   1.14993e+01   1.06770e+01   1.33551e+01   3.04683e+01   9.05436e+00   3.04689e+01   1.33551e+01   1.06770e+01   1.14998e+01   1.25624e+01   1.34466e+01   1.41459e+01   1.46144e+01   1.48894e+01   1.49962e+01   1.49473e+01   1.48959e+01   1.49873e+01   1.50030e+01   1.48790e+01   1.46344e+01   1.42729e+01   1.37780e+01   1.31190e+01   1.22421e+01   1.10624e+01   9.45003e+00   7.38390e+00   5.03191e+00   1.80025e+00  -2.99689e+00  -9.55896e+00  -1.50722e+01  -5.88562e+00   2.07415e+01
   7.00000e-03   3.40505e+01  -1.12602e+01  -2.79102e+01  -1.62362e+01  -5.91122e+00   8.56946e-01   5.03187e+00   7.81647e+00   1.05092e+01   1.24365e+01   1.37703e+01   1.47391e+01   1.54578e+01   1.59938e+01   1.63838e+01   1.66473e+01   1.67779e+01   1.67168e+01   1.64682e+01   1.66144e+01   1.67375e+01   1.66169e+01   1.62983e+01   1.57410e+01   1.48296e+01   1.36371e+01   1.19286e+01   9.32172e+00   8.17322e+00   3.19976e+01   1.72740e+01   3.19979e+01   8.17296e+00   9.32147e+00   1.19291e+01   1.36369e+01   1.48293e+01   1.57410e+01   1.62988e+01   1.66166e+01   1.67375e+01   1.66142e+01   1.64680e+01   1.67168e+01   1.67779e+01   1.66475e+01   1.63838e+01   1.59938e+01   1.54585e+01   1.47391e+01   1.37700e+01   1.24365e+01   1.05092e+01   7.81698e+00   5.03187e+00   8.57444e-01  -5.91096e+00  -1.62362e+01  -2.79102e+01  -1.12607e+01   3.40504e+01
   6.50000e-03   6.18874e+01  -3.18507e+01  -3.99293e+01  -1.74560e+01  -3.36097e+00   5.10570e+00   1.00310e+01   1.27020e+01   1.64331e+01   1.86121e+01   2.00718e+01   2.11279e+01   2.19108e+01   2.24924e+01   2.29173e+01   2.32084e+01   2.33649e+01   2.32901e+01   2.26061e+01   2.31020e+01   2.33083e+01   2.31587e+01   2.27995e+01   2.21775e+01   2.10256e+01   1.95639e+01   1.73185e+01   1.26273e+01   3.58702e+00   1.72459e+01   4.54903e+01   1.72459e+01   3.58703e+00   1.26273e+01   1.73185e+01   1.95640e+01   2.10253e+01   2.21775e+01   2.28001e+01   2.31590e+01   2.33083e+01   2.31014e+01   2.26055e+01   2.32903e+01   2.33652e+01   2.32089e+01   2.29174e+01   2.24924e+01   2.19114e+01   2.11281e+01   2.00713e+01   1.86124e+01   1.64326e+01   1.27025e+01   1.00303e+01   5.10519e+00  -3.36097e+00  -1.74560e+01  -3.99293e+01  -3.18508e+01   6.18873e+01
   6.00000e-03   1.00965e+02  -8.52832e+01   6.79892e+00   4.23715e+01   5.99436e+01   7.01193e+01   7.62468e+01   7.69455e+01   8.36819e+01   8.62534e+01   8.80868e+01   8.94623e+01   9.05055e+01   9.12954e+01   9.18845e+01   9.23038e+01   9.25639e+01   9.26088e+01   9.04784e+01   9.24148e+01   9.25358e+01   9.23082e+01   9.18606e+01   9.11290e+01   8.97542e+01   8.79896e+01   8.51912e+01   7.87042e+01   6.07265e+01  -2.04496e+01   1.71938e+02  -2.04501e+01   6.07260e+01   7.87045e+01   8.51912e+01   8.79901e+01   8.97537e+01   9.11287e+01   9.18606e+01   9.23082e+01   9.25352e+01   9.24148e+01   9.04779e+01   9.26088e+01   9.25639e+01   9.23033e+01   9.18844e+01   9.12954e+01   9.05052e+01   8.94620e+01   8.80870e+01   8.62529e+01   8.36816e+01   7.69458e+01   7.62468e+01   7.01193e+01   5.99436e+01   4.23716e+01   6.79866e+00  -8.52834e+01   1.00965e+02
   5.50000e-03   1.08527e+01  -3.56846e+02  -2.05777e+02  -1.69641e+02  -1.53357e+02  -1.44267e+02  -1.38372e+02  -1.30779e+02  -1.32515e+02  -1.31397e+02  -1.30578e+02  -1.30027e+02  -1.29665e+02  -1.29426e+02  -1.29267e+02  -1.29154e+02  -1.29053e+02  -1.28871e+02  -1.26480e+02  -1.28723e+02  -1.29106e+02  -1.29328e+02  -1.29597e+02  -1.29980e+02  -1.30337e+02  -1.31755e+02  -1.34576e+02  -1.40344e+02  -1.57675e+02  -2.50886e+02   2.53186e+02  -2.50886e+02  -1.57675e+02  -1.40344e+02  -1.34576e+02  -1.31755e+02  -1.30337e+02  -1.29980e+02  -1.29597e+02  -1.29328e+02  -1.29106e+02  -1.28723e+02  -1.26480e+02  -1.28871e+02  -1.29053e+02  -1.29154e+02  -1.29267e+02  -1.29426e+02  -1.29665e+02  -1.30027e+02  -1.30578e+02  -1.31397e+02  -1.32516e+02  -1.30779e+02  -1.38372e+02  -1.44267e+02  -1.53357e+02  -1.69641e+02  -2.05777e+02  -3.56845e+02   1.08526e+01
   5.00000e-03  -4.24589e+01  -1.67875e+02  -1.31745e+02  -1.07012e+02  -9.36856e+01  -8.56066e+01  -7.99651e+01  -7.55667e+01  -7.45514e+01  -7.34255e+01  -7.25188e+01  -7.18630e+01  -7.13984e+01  -7.10705e+01  -7.08356e+01  -7.06587e+01  -7.04949e+01  -7.02171e+01  -6.94368e+01  -7.00681e+01  -7.05236e+01  -7.07802e+01  -7.10584e+01  -7.14171e+01  -7.18031e+01  -7.29490e+01  -7.51951e+01  -7.90796e+01  -8.66562e+01  -7.45760e+01   9.08337e+01  -7.45760e+01  -8.66557e+01  -7.90796e+01  -7.51951e+01  -7.29490e+01  -7.18031e+01  -7.14171e+01  -7.10584e+01  -7.07802e+01  -7.05234e+01  -7.00681e+01  -6.94368e+01  -7.02171e+01  -7.04949e+01  -7.06587e+01  -7.08361e+01  -7.10705e+01  -7.13984e+01  -7.18630e+01  -7.25188e+01  -7.34255e+01  -7.45514e+01  -7.55667e+01  -7.99651e+01  -8.56060e+01  -9.36856e+01  -1.07012e+02  -1.31745e+02  -1.67875e+02  -4.24589e+01
   4.50000e-03  -4.17959e+01  -9.66772e+01  -9.81347e+01  -8.60762e+01  -7.68649e+01  -7.04856e+01  -6.58429e+01  -6.25787e+01  -6.10348e+01  -5.99726e+01  -5.91536e+01  -5.85536e+01  -5.81251e+01  -5.78185e+01  -5.75953e+01  -5.74210e+01  -5.72552e+01  -5.70151e+01  -5.67082e+01  -5.69391e+01  -5.72728e+01  -5.75122e+01  -5.77563e+01  -5.80479e+01  -5.84243e+01  -5.92165e+01  -6.05125e+01  -6.20020e+01  -6.10354e+01  -3.46636e+01   2.09454e+01  -3.46636e+01  -6.10351e+01  -6.20020e+01  -6.05127e+01  -5.92165e+01  -5.84243e+01  -5.80479e+01  -5.77563e+01  -5.75122e+01  -5.72728e+01  -5.69391e+01  -5.67082e+01  -5.70151e+01  -5.72552e+01  -5.74210e+01  -5.75953e+01  -5.78185e+01  -5.81256e+01  -5.85536e+01  -5.91536e+01  -5.99726e+01  -6.10348e+01  -6.25787e+01  -6.58429e+01  -7.04856e+01  -7.68649e+01  -8.60759e+01  -9.81347e+01  -9.66772e+01  -4.17959e+01
   4.00000e-03  -3.48436e+01  -6.44114e+01  -7.34384e+01  -6.95799e+01  -6.40884e+01  -5.94703e+01  -5.58743e+01  -5.33013e+01  -5.17796e+01  -5.07867e+01  -5.00599e+01  -4.95298e+01  -4.91487e+01  -4.88746e+01  -4.86733e+01  -4.85148e+01  -4.83642e+01  -4.81879e+01  -4.80460e+01  -4.81564e+01  -4.83790e+01  -4.85793e+01  -4.87792e+01  -4.90060e+01  -4.92933e+01  -4.97391e+01  -5.01994e+01  -4.98322e+01  -4.51182e+01  -2.54166e+01  -3.55656e+00  -2.54161e+01  -4.51182e+01  -4.98322e+01  -5.01994e+01  -4.97391e+01  -4.92933e+01  -4.90060e+01  -4.87792e+01  -4.85788e+01  -4.83790e+01  -4.81564e+01  -4.80466e+01  -4.81879e+01  -4.83647e+01  -4.85148e+01  -4.86733e+01  -4.88746e+01  -4.91487e+01  -4.95301e+01  -5.00599e+01  -5.07867e+01  -5.17796e+01  -5.33013e+01  -5.58743e+01  -5.94703e+01  -6.40884e+01  -6.95799e+01  -7.34384e+01  -6.44114e+01  -3.48436e+01
   3.50000e-03  -2.81962e+01  -4.62100e+01  -5.52971e+01  -5.55439e+01  -5.27838e+01  -4.96958e+01  -4.70291e+01  -4.50120e+01  -4.36765e+01  -4.27841e+01  -4.21488e+01  -4.16890e+01  -4.13580e+01  -4.11187e+01  -4.09419e+01  -4.08017e+01  -4.06755e+01  -4.05509e+01  -4.04759e+01  -4.05402e+01  -4.06889e+01  -4.08438e+01  -4.10001e+01  -4.11641e+01  -4.13401e+01  -4.14971e+01  -4.13544e+01  -3.99576e+01  -3.46835e+01  -2.20451e+01  -1.22067e+01  -2.20451e+01  -3.46835e+01  -3.99576e+01  -4.13544e+01  -4.14966e+01  -4.13401e+01  -4.11641e+01  -4.10001e+01  -4.08438e+01  -4.06889e+01  -4.05402e+01  -4.04759e+01  -4.05506e+01  -4.06755e+01  -4.08017e+01  -4.09419e+01  -4.11187e+01  -4.13580e+01  -4.16895e+01  -4.21488e+01  -4.27841e+01  -4.36765e+01  -4.50120e+01  -4.70291e+01  -4.96958e+01  -5.27838e+01  -5.55439e+01  -5.52971e+01  -4.62100e+01  -2.81962e+01
   3.00000e-03  -2.25108e+01  -3.43000e+01  -4.18314e+01  -4.37406e+01  -4.27175e+01  -4.08114e+01  -3.89137e+01  -3.73696e+01  -3.62637e+01  -3.54983e+01  -3.49551e+01  -3.45643e+01  -3.42832e+01  -3.40786e+01  -3.39279e+01  -3.38087e+01  -3.37071e+01  -3.36189e+01  -3.35755e+01  -3.36158e+01  -3.37161e+01  -3.38319e+01  -3.39480e+01  -3.40552e+01  -3.41303e+01  -3.40804e+01  -3.35849e+01  -3.18328e+01  -2.72934e+01  -1.94283e+01  -1.45100e+01  -1.94283e+01  -2.72934e+01  -3.18328e+01  -3.35849e+01  -3.40801e+01  -3.41303e+01  -3.40552e+01  -3.39480e+01  -3.38319e+01  -3.37161e+01  -3.36158e+01  -3.35750e+01  -3.36189e+01  -3.37071e+01  -3.38087e+01  -3.39279e+01  -3.40786e+01  -3.42832e+01  -3.45643e+01  -3.49551e+01  -3.54983e+01  -3.62637e+01  -3.73696e+01  -3.89137e+01  -4.08114e+01  -4.27175e+01  -4.37406e+01  -4.18314e+01  -3.43000e+01  -2.25108e+01
   2.50000e-03  -1.76657e+01  -2.56811e+01  -3.15217e+01  -3.38476e+01  -3.37909e+01  -3.27166e+01  -3.14219e+01  -3.02746e+01  -2.93993e+01  -2.87705e+01  -2.83212e+01  -2.79983e+01  -2.77660e+01  -2.75975e+01  -2.74719e+01  -2.73746e+01  -2.72939e+01  -2.72321e+01  -2.72051e+01  -2.72320e+01  -2.72999e+01  -2.73839e+01  -2.74652e+01  -2.75262e+01  -2.75274e+01  -2.73544e+01  -2.67151e+01  -2.50221e+01  -2.15191e+01  -1.66175e+01  -1.39591e+01  -1.66175e+01  -2.15191e+01  -2.50221e+01  -2.67153e+01  -2.73544e+01  -2.75274e+01  -2.75262e+01  -2.74652e+01  -2.73839e+01  -2.72999e+01  -2.72320e+01  -2.72055e+01  -2.72321e+01  -2.72939e+01  -2.73746e+01  -2.74719e+01  -2.75975e+01  -2.77660e+01  -2.79983e+01  -2.83212e+01  -2.87705e+01  -2.93993e+01  -3.02746e+01  -3.14219e+01  -3.27164e+01  -3.37909e+01  -3.38476e+01  -3.15215e+01  -2.56811e+01  -1.76657e+01
   2.00000e-03  -1.34626e+01  -1.89675e+01  -2.33085e+01  -2.54633e+01  -2.58502e+01  -2.53108e+01  -2.44655e+01  -2.36455e+01  -2.29832e+01  -2.24916e+01  -2.21362e+01  -2.18802e+01  -2.16959e+01  -2.15617e+01  -2.14626e+01  -2.13858e+01  -2.13252e+01  -2.12808e+01  -2.12635e+01  -2.12813e+01  -2.13281e+01  -2.13864e+01  -2.14397e+01  -2.14681e+01  -2.14256e+01  -2.12040e+01  -2.05697e+01  -1.91406e+01  -1.66052e+01  -1.35379e+01  -1.20261e+01  -1.35379e+01  -1.66052e+01  -1.91406e+01  -2.05697e+01  -2.12040e+01  -2.14256e+01  -2.14677e+01  -2.14397e+01  -2.13864e+01  -2.13278e+01  -2.12813e+01  -2.12635e+01  -2.12808e+01  -2.13252e+01  -2.13858e+01  -2.14624e+01  -2.15617e+01  -2.16959e+01  -2.18802e+01  -2.21362e+01  -2.24916e+01  -2.29832e+01  -2.36451e+01  -2.44655e+01  -2.53108e+01  -2.58502e+01  -2.54632e+01  -2.33085e+01  -1.89675e+01  -1.34626e+01
   1.50000e-03  -9.72668e+00  -1.34211e+01  -1.64800e+01  -1.82017e+01  -1.87032e+01  -1.84745e+01  -1.79517e+01  -1.73959e+01  -1.69250e+01  -1.65656e+01  -1.63015e+01  -1.61109e+01  -1.59741e+01  -1.58745e+01  -1.58005e+01  -1.57440e+01  -1.57007e+01  -1.56701e+01  -1.56592e+01  -1.56708e+01  -1.57018e+01  -1.57400e+01  -1.57726e+01  -1.57803e+01  -1.57233e+01  -1.55110e+01  -1.49770e+01  -1.38934e+01  -1.21642e+01  -1.02699e+01  -9.39392e+00  -1.02699e+01  -1.21642e+01  -1.38934e+01  -1.49770e+01  -1.55110e+01  -1.57233e+01  -1.57803e+01  -1.57726e+01  -1.57395e+01  -1.57018e+01  -1.56708e+01  -1.56592e+01  -1.56701e+01  -1.57007e+01  -1.57440e+01  -1.58007e+01  -1.58740e+01  -1.59741e+01  -1.61109e+01  -1.63015e+01  -1.65656e+01  -1.69250e+01  -1.73959e+01  -1.79517e+01  -1.84745e+01  -1.87032e+01  -1.82017e+01  -1.64800e+01  -1.34210e+01  -9.72668e+00
   1.00000e-03  -6.31550e+00  -8.59831e+00  -1.05454e+01  -1.17251e+01  -1.21457e+01  -1.20729e+01  -1.17770e+01  -1.14354e+01  -1.11345e+01  -1.08999e+01  -1.07258e+01  -1.05999e+01  -1.05085e+01  -1.04428e+01  -1.03940e+01  -1.03572e+01  -1.03289e+01  -1.03102e+01  -1.03028e+01  -1.03102e+01  -1.03283e+01  -1.03511e+01  -1.03694e+01  -1.03680e+01  -1.03173e+01  -1.01557e+01  -9.77668e+00  -9.05796e+00  -7.98864e+00  -6.89194e+00  -6.40491e+00  -6.89194e+00  -7.98864e+00  -9.05796e+00  -9.77646e+00  -1.01557e+01  -1.03173e+01  -1.03680e+01  -1.03694e+01  -1.03511e+01  -1.03287e+01  -1.03102e+01  -1.03028e+01  -1.03102e+01  -1.03289e+01  -1.03572e+01  -1.03940e+01  -1.04428e+01  -1.05083e+01  -1.05999e+01  -1.07258e+01  -1.08999e+01  -1.11345e+01  -1.14354e+01  -1.17770e+01  -1.20729e+01  -1.21457e+01  -1.17251e+01  -1.05454e+01  -8.59831e+00  -6.31550e+00
   5.00000e-04  -3.10837e+00  -4.20036e+00  -5.14699e+00  -5.74320e+00  -5.97706e+00  -5.96314e+00  -5.83098e+00  -5.66883e+00  -5.52265e+00  -5.40675e+00  -5.32041e+00  -5.25773e+00  -5.21217e+00  -5.17982e+00  -5.15542e+00  -5.13752e+00  -5.12337e+00  -5.11410e+00  -5.11116e+00  -5.11445e+00  -5.12278e+00  -5.13345e+00  -5.14181e+00  -5.13870e+00  -5.10902e+00  -5.02292e+00  -4.82738e+00  -4.47065e+00  -3.96157e+00  -3.45742e+00  -3.23897e+00  -3.45742e+00  -3.96157e+00  -4.47065e+00  -4.82738e+00  -5.02292e+00  -5.10902e+00  -5.13870e+00  -5.14136e+00  -5.13345e+00  -5.12278e+00  -5.11445e+00  -5.11116e+00  -5.11410e+00  -5.12337e+00  -5.13752e+00  -5.15542e+00  -5.17982e+00  -5.21217e+00  -5.25773e+00  -5.32041e+00  -5.40696e+00  -5.52265e+00  -5.66903e+00  -5.83098e+00  -5.96314e+00  -5.97706e+00  -5.74320e+00  -5.14699e+00  -4.20036e+00  -3.10837e+00
   0.00000e+00   1.14258e-08   0.00000e+00  -5.21419e-09  -8.79482e-09  -7.33092e-09  -8.92797e-09  -4.75698e-09  -4.69141e-09  -2.24389e-09   0.00000e+00   0.00000e+00   0.00000e+00   0.00000e+00   0.00000e+00   0.00000e+00   0.00000e+00   0.00000e+00   0.00000e+00   0.00000e+00   0.00000e+00   0.00000e+00   0.00000e+00   0.00000e+00   0.00000e+00   0.00000e+00   0.00000e+00  -1.28080e-09  -1.96324e-09  -1.68242e-09   0.00000e+00   0.00000e+00   0.00000e+00   1.44028e-09   1.80267e-09   1.60267e-09   1.55381e-09   1.07208e-09   0.00000e+00   0.00000e+00  -1.12222e-09   0.00000e+00  -4.03366e-09   0.00000e+00   0.00000e+00   0.00000e+00   0.00000e+00   0.00000e+00   0.00000e+00   0.00000e+00   0.00000e+00   0.00000e+00   1.20105e-09   2.99518e-09   5.67212e-09   7.14165e-09   1.48876e-08   2.20069e-08   1.76011e-08   2.02909e-08   2.03691e-08   2.29061e-08
  -5.00000e-04   3.10837e+00   4.20036e+00   5.14699e+00   5.74320e+00   5.97688e+00   5.96314e+00   5.83098e+00   5.66883e+00   5.52265e+00   5.40675e+00   5.32041e+00   5.25773e+00   5.21217e+00   5.17982e+00   5.15542e+00   5.13752e+00   5.12337e+00   5.11410e+00   5.11116e+00   5.11445e+00   5.12278e+00   5.13345e+00   5.14181e+00   5.13870e+00   5.10902e+00   5.02292e+00   4.82738e+00   4.47065e+00   3.96157e+00   3.45742e+00   3.23897e+00   3.45742e+00   3.96157e+00   4.47065e+00   4.82738e+00   5.02292e+00   5.10902e+00   5.13870e+00   5.14136e+00   5.13345e+00   5.12278e+00   5.11445e+00   5.11116e+00   5.11410e+00   5.12337e+00   5.13752e+00   5.15542e+00   5.17982e+00   5.21217e+00   5.25773e+00   5.32041e+00   5.40696e+00   5.52265e+00   5.66903e+00   5.83098e+00   5.96314e+00   5.97706e+00   5.74320e+00   5.14699e+00   4.20036e+00   3.10844e+00
  -1.00000e-03   6.31550e+00   8.59831e+00   1.05454e+01   1.17251e+01   1.21457e+01   1.20729e+01   1.17770e+01   1.14354e+01   1.11345e+01   1.08999e+01   1.07258e+01   1.05999e+01   1.05085e+01   1.04428e+01   1.03940e+01   1.03572e+01   1.03289e+01   1.03102e+01   1.03028e+01   1.03102e+01   1.03287e+01   1.03511e+01   1.03694e+01   1.03680e+01   1.03173e+01   1.01557e+01   9.77668e+00   9.05796e+00   7.98864e+00   6.89194e+00   6.40491e+00   6.89194e+00   7.98864e+00   9.05796e+00   9.77668e+00   1.01557e+01   1.03173e+01   1.03680e+01   1.03694e+01   1.03511e+01   1.03287e+01   1.03102e+01   1.03028e+01   1.03102e+01   1.03289e+01   1.03572e+01   1.03940e+01   1.04428e+01   1.05083e+01   1.05999e+01   1.07258e+01   1.08999e+01   1.11345e+01   1.14354e+01   1.17770e+01   1.20729e+01   1.21457e+01   1.17253e+01   1.05454e+01   8.59831e+00   6.31550e+00
  -1.50000e-03   9.72668e+00   1.34210e+01   1.64800e+01   1.82017e+01   1.87032e+01   1.84745e+01   1.79517e+01   1.73959e+01   1.69250e+01   1.65656e+01   1.63015e+01   1.61109e+01   1.59741e+01   1.58745e+01   1.58005e+01   1.57440e+01   1.57007e+01   1.56701e+01   1.56592e+01   1.56708e+01   1.57018e+01   1.57400e+01   1.57726e+01   1.57803e+01   1.57233e+01   1.55110e+01   1.49770e+01   1.38934e+01   1.21642e+01   1.02699e+01   9.39392e+00   1.02699e+01   1.21642e+01   1.38934e+01   1.49770e+01   1.55110e+01   1.57233e+01   1.57803e+01   1.57726e+01   1.57395e+01   1.57018e+01   1.56708e+01   1.56592e+01   1.56701e+01   1.57007e+01   1.57440e+01   1.58007e+01   1.58740e+01   1.59741e+01   1.61109e+01   1.63015e+01   1.65656e+01   1.69250e+01   1.73959e+01   1.79517e+01   1.84745e+01   1.87032e+01   1.82017e+01   1.64800e+01   1.34210e+01   9.72668e+00
  -2.00000e-03   1.34626e+01   1.89675e+01   2.33085e+01   2.54633e+01   2.58502e+01   2.53108e+01   2.44655e+01   2.36451e+01   2.29832e+01   2.24916e+01   2.21362e+01   2.18802e+01   2.16959e+01   2.15617e+01   2.14626e+01   2.13858e+01   2.13252e+01   2.12808e+01   2.12635e+01   2.12813e+01   2.13281e+01   2.13864e+01   2.14397e+01   2.14677e+01   2.14256e+01   2.12040e+01   2.05697e+01   1.91406e+01   1.66052e+01   1.35379e+01   1.20261e+01   1.35379e+01   1.66052e+01   1.91406e+01   2.05697e+01   2.12040e+01   2.14256e+01   2.14681e+01   2.14397e+01   2.13864e+01   2.13278e+01   2.12813e+01   2.12635e+01   2.12808e+01   2.13252e+01   2.13858e+01   2.14624e+01   2.15617e+01   2.16959e+01   2.18802e+01   2.21362e+01   2.24916e+01   2.29832e+01   2.36451e+01   2.44655e+01   2.53108e+01   2.58502e+01   2.54632e+01   2.33085e+01   1.89677e+01   1.34626e+01
  -2.50000e-03   1.76657e+01   2.56811e+01   3.15217e+01   3.38476e+01   3.37909e+01   3.27166e+01   3.14219e+01   3.02746e+01   2.93993e+01   2.87705e+01   2.83212e+01   2.79983e+01   2.77660e+01   2.75975e+01   2.74719e+01   2.73746e+01   2.72939e+01   2.72321e+01   2.72051e+01   2.72320e+01   2.72999e+01   2.73839e+01   2.74652e+01   2.75262e+01   2.75274e+01   2.73544e+01   2.67151e+01   2.50221e+01   2.15191e+01   1.66175e+01   1.39591e+01   1.66175e+01   2.15191e+01   2.50221e+01   2.67151e+01   2.73544e+01   2.75274e+01   2.75262e+01   2.74652e+01   2.73839e+01   2.72999e+01   2.72320e+01   2.72055e+01   2.72321e+01   2.72939e+01   2.73746e+01   2.74719e+01   2.75975e+01   2.77660e+01   2.79983e+01   2.83212e+01   2.87705e+01   2.93993e+01   3.02746e+01   3.14219e+01   3.27164e+01   3.37909e+01   3.38476e+01   3.15215e+01   2.56811e+01   1.76657e+01
  -3.00000e-03   2.25108e+01   3.43000e+01   4.18314e+01   4.37406e+01   4.27175e+01   4.08114e+01   3.89137e+01   3.73696e+01   3.62637e+01   3.54983e+01   3.49551e+01   3.45643e+01   3.42832e+01   3.40786e+01   3.39279e+01   3.38087e+01   3.37071e+01   3.36189e+01   3.35755e+01   3.36158e+01   3.37161e+01   3.38319e+01   3.39480e+01   3.40552e+01   3.41303e+01   3.40801e+01   3.35849e+01   3.18328e+01   2.72934e+01   1.94283e+01   1.45100e+01   1.94283e+01   2.72934e+01   3.18328e+01   3.35849e+01   3.40801e+01   3.41303e+01   3.40552e+01   3.39480e+01   3.38319e+01   3.37161e+01   3.36158e+01   3.35750e+01   3.36189e+01   3.37071e+01   3.38087e+01   3.39279e+01   3.40786e+01   3.42832e+01   3.45643e+01   3.49551e+01   3.54983e+01   3.62637e+01   3.73696e+01   3.89137e+01   4.08114e+01   4.27175e+01   4.37406e+01   4.18314e+01   3.43000e+01   2.25108e+01
  -3.50000e-03   2.81962e+01   4.62100e+01   5.52971e+01   5.55439e+01   5.27838e+01   4.96958e+01   4.70291e+01   4.50120e+01   4.36765e+01   4.27841e+01   4.21488e+01   4.16890e+01   4.13580e+01   4.11187e+01   4.09419e+01   4.08017e+01   4.06755e+01   4.05509e+01   4.04759e+01   4.05402e+01   4.06889e+01   4.08438e+01   4.10001e+01   4.11641e+01   4.13401e+01   4.14966e+01   4.13544e+01   3.99576e+01   3.46835e+01   2.20451e+01   1.22067e+01   2.20451e+01   3.46835e+01   3.99576e+01   4.13544e+01   4.14971e+01   4.13401e+01   4.11641e+01   4.10001e+01   4.08438e+01   4.06889e+01   4.05402e+01   4.04759e+01   4.05506e+01   4.06755e+01   4.08017e+01   4.09419e+01   4.11187e+01   4.13580e+01   4.16890e+01   4.21488e+01   4.27841e+01   4.36765e+01   4.50120e+01   4.70293e+01   4.96958e+01   5.27838e+01   5.55439e+01   5.52971e+01   4.62100e+01   2.81963e+01
  -4.00000e-03   3.48436e+01   6.44114e+01   7.34384e+01   6.95799e+01   6.40884e+01   5.94703e+01   5.58743e+01   5.33013e+01   5.17796e+01   5.07867e+01   5.00599e+01   4.95298e+01   4.91487e+01   4.88746e+01   4.86733e+01   4.85148e+01   4.83642e+01   4.81879e+01   4.80460e+01   4.81564e+01   4.83790e+01   4.85793e+01   4.87792e+01   4.90060e+01   4.92933e+01   4.97391e+01   5.01994e+01   4.98322e+01   4.51182e+01   2.54161e+01   3.55656e+00   2.54161e+01   4.51182e+01   4.98322e+01   5.01994e+01   4.97391e+01   4.92933e+01   4.90060e+01   4.87792e+01   4.85788e+01   4.83790e+01   4.81564e+01   4.80466e+01   4.81879e+01   4.83647e+01   4.85148e+01   4.86733e+01   4.88746e+01   4.91487e+01   4.95301e+01   5.00599e+01   5.07867e+01   5.17796e+01   5.33013e+01   5.58743e+01   5.94703e+01   6.40884e+01   6.95799e+01   7.34384e+01   6.44114e+01   3.48436e+01
  -4.50000e-03   4.17957e+01   9.66772e+01   9.81347e+01   8.60759e+01   7.68649e+01   7.04856e+01   6.58429e+01   6.25787e+01   6.10348e+01   5.99726e+01   5.91536e+01   5.85536e+01   5.81256e+01   5.78185e+01   5.75953e+01   5.74210e+01   5.72552e+01   5.70151e+01   5.67082e+01   5.69391e+01   5.72728e+01   5.75122e+01   5.77558e+01   5.80479e+01   5.84243e+01   5.92165e+01   6.05125e+01   6.20020e+01   6.10351e+01   3.46636e+01  -2.09454e+01   3.46636e+01   6.10351e+01   6.20020e+01   6.05125e+01   5.92165e+01   5.84243e+01   5.80479e+01   5.77563e+01   5.75122e+01   5.72728e+01   5.69391e+01   5.67082e+01   5.70151e+01   5.72552e+01   5.74210e+01   5.75953e+01   5.78185e+01   5.81256e+01   5.85536e+01   5.91536e+01   5.99726e+01   6.10348e+01   6.25787e+01   6.58429e+01   7.04856e+01   7.68649e+01   8.60759e+01   9.81347e+01   9.66772e+01   4.17959e+01
  -5.00000e-03   4.24589e+01   1.67875e+02   1.31745e+02   1.07012e+02   9.36856e+01   8.56066e+01   7.99651e+01   7.55667e+01   7.45514e+01   7.34255e+01   7.25188e+01   7.18630e+01   7.13984e+01   7.10705e+01   7.08356e+01   7.06587e+01   7.04949e+01   7.02171e+01   6.94368e+01   7.00681e+01   7.05236e+01   7.07802e+01   7.10584e+01   7.14171e+01   7.18031e+01   7.29490e+01   7.51951e+01   7.90796e+01   8.66562e+01   7.45760e+01  -9.08337e+01   7.45760e+01   8.66562e+01   7.90796e+01   7.51951e+01   7.29490e+01   7.18031e+01   7.14171e+01   7.10589e+01   7.07802e+01   7.05236e+01   7.00681e+01   6.94368e+01   7.02171e+01   7.04949e+01   7.06587e+01   7.08356e+01   7.10705e+01   7.13984e+01   7.18630e+01   7.25188e+01   7.34255e+01   7.45514e+01   7.55667e+01   7.99651e+01   8.56061e+01   9.36856e+01   1.07012e+02   1.31745e+02   1.67875e+02   4.24589e+01
  -5.50000e-03  -1.08528e+01   3.56846e+02   2.05777e+02   1.69640e+02   1.53357e+02   1.44267e+02   1.38372e+02   1.30779e+02   1.32515e+02   1.31397e+02   1.30578e+02   1.30027e+02   1.29665e+02   1.29426e+02   1.29267e+02   1.29154e+02   1.29053e+02   1.28871e+02   1.26480e+02   1.28723e+02   1.29106e+02   1.29328e+02   1.29597e+02   1.29980e+02   1.30337e+02   1.31755e+02   1.34576e+02   1.40344e+02   1.57675e+02   2.50886e+02  -2.53186e+02   2.50886e+02   1.57675e+02   1.40344e+02   1.34576e+02   1.31755e+02   1.30337e+02   1.29980e+02   1.29597e+02   1.29328e+02   1.29106e+02   1.28723e+02   1.26480e+02   1.28871e+02   1.29053e+02   1.29154e+02   1.29267e+02   1.29426e+02   1.29665e+02   1.30027e+02   1.30578e+02   1.31397e+02   1.32516e+02   1.30779e+02   1.38372e+02   1.44267e+02   1.53357e+02   1.69641e+02   2.05777e+02   3.56846e+02  -1.08527e+01
  -6.00000e-03  -1.00965e+02   8.52830e+01  -6.79866e+00  -4.23715e+01  -5.99436e+01  -7.01193e+01  -7.62468e+01  -7.69455e+01  -8.36819e+01  -8.62537e+01  -8.80868e+01  -8.94623e+01  -9.05055e+01  -9.12954e+01  -9.18845e+01  -9.23038e+01  -9.25639e+01  -9.26088e+01  -9.04784e+01  -9.24148e+01  -9.25358e+01  -9.23081e+01  -9.18606e+01  -9.11287e+01  -8.97540e+01  -8.79901e+01  -8.51912e+01  -7.87045e+01  -6.07262e+01   2.04501e+01  -1.71938e+02   2.04501e+01  -6.07262e+01  -7.87045e+01  -8.51912e+01  -8.79901e+01  -8.97545e+01  -9.11287e+01  -9.18606e+01  -9.23082e+01  -9.25358e+01  -9.24148e+01  -9.04784e+01  -9.26088e+01  -9.25639e+01  -9.23033e+01  -9.18844e+01  -9.12954e+01  -9.05052e+01  -8.94620e+01  -8.80870e+01  -8.62529e+01  -8.36816e+01  -7.69458e+01  -7.62468e+01  -7.01193e+01  -5.99435e+01  -4.23716e+01  -6.79866e+00   8.52830e+01  -1.00965e+02
  -6.50000e-03  -6.18873e+01   3.18508e+01   3.99293e+01   1.74560e+01   3.36097e+00  -5.10570e+00  -1.00308e+01  -1.27020e+01  -1.64331e+01  -1.86121e+01  -2.00718e+01  -2.11279e+01  -2.19108e+01  -2.24924e+01  -2.29174e+01  -2.32084e+01  -2.33649e+01  -2.32901e+01  -2.26061e+01  -2.31020e+01  -2.33083e+01  -2.31590e+01  -2.28001e+01  -2.21775e+01  -2.10251e+01  -1.95639e+01  -1.73185e+01  -1.26273e+01  -3.58702e+00  -1.72459e+01  -4.54903e+01  -1.72459e+01  -3.58702e+00  -1.26273e+01  -1.73185e+01  -1.95640e+01  -2.10251e+01  -2.21775e+01  -2.28001e+01  -2.31590e+01  -2.33083e+01  -2.31014e+01  -2.26061e+01  -2.32903e+01  -2.33647e+01  -2.32089e+01  -2.29174e+01  -2.24924e+01  -2.19114e+01  -2.11281e+01  -2.00713e+01  -1.86124e+01  -1.64326e+01  -1.27025e+01  -1.00303e+01  -5.10519e+00   3.36095e+00   1.74560e+01   3.99293e+01   3.18508e+01  -6.18873e+01
  -7.00000e-03  -3.40504e+01   1.12603e+01   2.79101e+01   1.62362e+01   5.91122e+00  -8.56946e-01  -5.03187e+00  -7.81647e+00  -1.05092e+01  -1.24365e+01  -1.37703e+01  -1.47391e+01  -1.54578e+01  -1.59938e+01  -1.63838e+01  -1.66473e+01  -1.67779e+01  -1.67168e+01  -1.64682e+01  -1.66144e+01  -1.67375e+01  -1.66166e+01  -1.62988e+01  -1.57410e+01  -1.48293e+01  -1.36369e+01  -1.19291e+01  -9.32147e+00  -8.17296e+00  -3.19979e+01  -1.72740e+01  -3.19979e+01  -8.17295e+00  -9.32147e+00  -1.19291e+01  -1.36369e+01  -1.48293e+01  -1.57410e+01  -1.62988e+01  -1.66166e+01  -1.67375e+01  -1.66142e+01  -1.64680e+01  -1.67168e+01  -1.67779e+01  -1.66475e+01  -1.63838e+01  -1.59938e+01  -1.54583e+01  -1.47391e+01  -1.37700e+01  -1.24365e+01  -1.05092e+01  -7.81648e+00  -5.03187e+00  -8.57437e-01   5.91119e+00   1.62362e+01   2.79102e+01   1.12607e+01  -3.40504e+01
  -7.50000e-03  -2.07415e+01   5.88563e+00   1.50722e+01   9.55925e+00   2.99689e+00  -1.80000e+00  -5.03192e+00  -7.38390e+00  -9.45003e+00  -1.10621e+01  -1.22426e+01  -1.31190e+01  -1.37780e+01  -1.42730e+01  -1.46349e+01  -1.48785e+01  -1.50027e+01  -1.49873e+01  -1.48959e+01  -1.49473e+01  -1.49962e+01  -1.48894e+01  -1.46144e+01  -1.41459e+01  -1.34466e+01  -1.25624e+01  -1.14998e+01  -1.06770e+01  -1.33554e+01  -3.04691e+01  -9.05436e+00  -3.04689e+01  -1.33554e+01  -1.06770e+01  -1.14998e+01  -1.25624e+01  -1.34466e+01  -1.41459e+01  -1.46144e+01  -1.48894e+01  -1.49962e+01  -1.49473e+01  -1.48959e+01  -1.49873e+01  -1.50030e+01  -1.48790e+01  -1.46344e+01  -1.42730e+01  -1.37780e+01  -1.31190e+01  -1.22421e+01  -1.10624e+01  -9.45003e+00  -7.38390e+00  -5.03191e+00  -1.80025e+00   2.99690e+00   9.55895e+00   1.50722e+01   5.88563e+00  -2.07414e+01
# Longitudinally Integrated Squared Transverse Magnetic Field [T2m]
START
                -3.00000e-02  -2.90000e-02  -2.80000e-02  -2.70000e-02  -2.60000e-02  -2.50000e-02  -2.40000e-02  -2.30000e-02  -2.20000e-02  -2.10000e-02  -2.00000e-02  -1.90000e-02  -1.80000e-02  -1.70000e-02  -1.60000e-02  -1.50000e-02  -1.40000e-02  -1.30000e-02  -1.20000e-02  -1.10000e-02  -1.00000e-02  -9.00000e-03  -8.00000e-03  -7.00000e-03  -6.00000e-03  -5.00000e-03  -4.00000e-03  -3.00000e-03  -2.00000e-03  -1.00000e-03   0.00000e+00   1.00000e-03   2.00000e-03   3.00000e-03   4.00000e-03   5.00000e-03   6.00000e-03   7.00000e-03   8.00000e-03   9.00000e-03   1.00000e-02   1.10000e-02   1.20000e-02   1.30000e-02   1.40000e-02   1.50000e-02   1.60000e-02   1.70000e-02   1.80000e-02   1.90000e-02   2.00000e-02   2.10000e-02   2.20000e-02   2.30000e-02   2.40000e-02   2.50000e-02   2.60000e-02   2.70000e-02   2.80000e-02   2.90000e-02   3.00000e-02
   7.50000e-03   3.71587e-01   1.91953e+00   1.62574e+00   1.46409e+00   1.37916e+00   1.33492e+00   1.31254e+00   1.30121e+00   1.29921e+00   1.30113e+00   1.30476e+00   1.30897e+00   1.31314e+00   1.31692e+00   1.32010e+00   1.32257e+00   1.32426e+00   1.32522e+00   1.32575e+00   1.32649e+00   1.32693e+00   1.32695e+00   1.32660e+00   1.32618e+00   1.32637e+00   1.32910e+00   1.33550e+00   1.35118e+00   1.38735e+00   1.45772e+00   6.18324e-02   1.45772e+00   1.38735e+00   1.35118e+00   1.33550e+00   1.32910e+00   1.32637e+00   1.32618e+00   1.32660e+00   1.32695e+00   1.32693e+00   1.32649e+00   1.32575e+00   1.32522e+00   1.32426e+00   1.32257e+00   1.32010e+00   1.31692e+00   1.31314e+00   1.30897e+00   1.30477e+00   1.30113e+00   1.29921e+00   1.30121e+00   1.31254e+00   1.33492e+00   1.37916e+00   1.46409e+00   1.62575e+00   1.91953e+00   3.71587e-01
   7.00000e-03   4.12479e-01   1.88715e+00   1.57201e+00   1.42476e+00   1.35404e+00   1.31943e+00   1.30318e+00   1.29601e+00   1.29778e+00   1.30251e+00   1.30815e+00   1.31383e+00   1.31910e+00   1.32370e+00   1.32747e+00   1.33034e+00   1.33224e+00   1.33313e+00   1.33341e+00   1.33428e+00   1.33485e+00   1.33467e+00   1.33382e+00   1.33256e+00   1.33142e+00   1.33239e+00   1.33641e+00   1.34920e+00   1.38709e+00   1.49261e+00   8.71692e-02   1.49261e+00   1.38709e+00   1.34920e+00   1.33641e+00   1.33239e+00   1.33142e+00   1.33257e+00   1.33382e+00   1.33467e+00   1.33485e+00   1.33428e+00   1.33341e+00   1.33313e+00   1.33224e+00   1.33034e+00   1.32747e+00   1.32370e+00   1.31910e+00   1.31383e+00   1.30815e+00   1.30251e+00   1.29778e+00   1.29601e+00   1.30318e+00   1.31943e+00   1.35404e+00   1.42476e+00   1.57201e+00   1.88715e+00   4.12479e-01
   6.50000e-03   4.84407e-01   1.83321e+00   1.49514e+00   1.37696e+00   1.32696e+00   1.30511e+00   1.29644e+00   1.29386e+00   1.30063e+00   1.30867e+00   1.31655e+00   1.32385e+00   1.33031e+00   1.33579e+00   1.34022e+00   1.34353e+00   1.34564e+00   1.34642e+00   1.34603e+00   1.34733e+00   1.34815e+00   1.34775e+00   1.34634e+00   1.34410e+00   1.34126e+00   1.33996e+00   1.34055e+00   1.34703e+00   1.37650e+00   1.51859e+00   1.35717e-01   1.51858e+00   1.37650e+00   1.34704e+00   1.34055e+00   1.33996e+00   1.34126e+00   1.34410e+00   1.34634e+00   1.34775e+00   1.34815e+00   1.34733e+00   1.34603e+00   1.34642e+00   1.34564e+00   1.34353e+00   1.34022e+00   1.33579e+00   1.33031e+00   1.32385e+00   1.31655e+00   1.30867e+00   1.30063e+00   1.29386e+00   1.29644e+00   1.30512e+00   1.32696e+00   1.37696e+00   1.49514e+00   1.83321e+00   4.84407e-01
   6.00000e-03   6.15744e-01   1.70863e+00   1.42403e+00   1.35600e+00   1.33285e+00   1.32653e+00   1.32688e+00   1.32764e+00   1.34220e+00   1.35399e+00   1.36443e+00   1.37359e+00   1.38144e+00   1.38796e+00   1.39314e+00   1.39698e+00   1.39940e+00   1.40013e+00   1.39774e+00   1.40071e+00   1.40182e+00   1.40110e+00   1.39905e+00   1.39570e+00   1.39077e+00   1.38675e+00   1.38305e+00   1.37986e+00   1.38565e+00   1.48796e+00   2.80814e-01   1.48796e+00   1.38565e+00   1.37986e+00   1.38305e+00   1.38675e+00   1.39077e+00   1.39571e+00   1.39905e+00   1.40110e+00   1.40182e+00   1.40071e+00   1.39775e+00   1.40013e+00   1.39940e+00   1.39698e+00   1.39314e+00   1.38796e+00   1.38144e+00   1.37359e+00   1.36443e+00   1.35399e+00   1.34220e+00   1.32764e+00   1.32688e+00   1.32653e+00   1.33285e+00   1.35601e+00   1.42403e+00   1.70863e+00   6.15744e-01
   5.50000e-03   7.20018e-01   1.46625e+00   1.46140e+00   1.46589e+00   1.47757e+00   1.49155e+00   1.50479e+00   1.51570e+00   1.53665e+00   1.55307e+00   1.56694e+00   1.57871e+00   1.58855e+00   1.59659e+00   1.60291e+00   1.60757e+00   1.61054e+00   1.61156e+00   1.60916e+00   1.61223e+00   1.61319e+00   1.61199e+00   1.60907e+00   1.60438e+00   1.59736e+00   1.58981e+00   1.58028e+00   1.56468e+00   1.53564e+00   1.43065e+00   6.65076e-01   1.43065e+00   1.53564e+00   1.56468e+00   1.58028e+00   1.58981e+00   1.59736e+00   1.60438e+00   1.60907e+00   1.61199e+00   1.61319e+00   1.61223e+00   1.60916e+00   1.61156e+00   1.61054e+00   1.60757e+00   1.60291e+00   1.59659e+00   1.58855e+00   1.57871e+00   1.56694e+00   1.55307e+00   1.53665e+00   1.51570e+00   1.50479e+00   1.49155e+00   1.47757e+00   1.46589e+00   1.46140e+00   1.46625e+00   7.20018e-01
   5.00000e-03   6.74777e-01   1.05697e+00   1.19133e+00   1.24480e+00   1.28004e+00   1.30765e+00   1.33014e+00   1.34989e+00   1.37089e+00   1.38914e+00   1.40444e+00   1.41721e+00   1.42775e+00   1.43627e+00   1.44293e+00   1.44784e+00   1.45104e+00   1.45244e+00   1.45228e+00   1.45335e+00   1.45360e+00   1.45201e+00   1.44866e+00   1.44337e+00   1.43578e+00   1.42615e+00   1.41256e+00   1.38929e+00   1.34029e+00   1.18871e+00   9.21265e-01   1.18871e+00   1.34029e+00   1.38929e+00   1.41256e+00   1.42615e+00   1.43578e+00   1.44337e+00   1.44866e+00   1.45201e+00   1.45360e+00   1.45335e+00   1.45228e+00   1.45244e+00   1.45104e+00   1.44784e+00   1.44293e+00   1.43627e+00   1.42775e+00   1.41721e+00   1.40444e+00   1.38914e+00   1.37089e+00   1.34989e+00   1.33014e+00   1.30765e+00   1.28004e+00   1.24480e+00   1.19133e+00   1.05697e+00   6.74777e-01
   4.50000e-03   6.03512e-01   8.50302e-01   1.00377e+00   1.08564e+00   1.13862e+00   1.17766e+00   1.20828e+00   1.23394e+00   1.25712e+00   1.27710e+00   1.29378e+00   1.30755e+00   1.31880e+00   1.32782e+00   1.33484e+00   1.34004e+00   1.34350e+00   1.34532e+00   1.34594e+00   1.34640e+00   1.34602e+00   1.34404e+00   1.34026e+00   1.33447e+00   1.32625e+00   1.31509e+00   1.29875e+00   1.27136e+00   1.21809e+00   1.10472e+00   9.96464e-01   1.10472e+00   1.21809e+00   1.27136e+00   1.29875e+00   1.31509e+00   1.32625e+00   1.33447e+00   1.34026e+00   1.34404e+00   1.34602e+00   1.34640e+00   1.34594e+00   1.34532e+00   1.34350e+00   1.34004e+00   1.33484e+00   1.32782e+00   1.31880e+00   1.30755e+00   1.29378e+00   1.27710e+00   1.25712e+00   1.23394e+00   1.20828e+00   1.17766e+00   1.13862e+00   1.08564e+00   1.00377e+00   8.50303e-01   6.03512e-01
   4.00000e-03   5.41608e-01   7.23192e-01   8.65608e-01   9.59085e-01   1.02347e+00   1.07115e+00   1.10824e+00   1.13847e+00   1.16413e+00   1.18574e+00   1.20364e+00   1.21831e+00   1.23020e+00   1.23968e+00   1.24704e+00   1.25250e+00   1.25621e+00   1.25836e+00   1.25931e+00   1.25952e+00   1.25870e+00   1.25637e+00   1.25225e+00   1.24604e+00   1.23729e+00   1.22518e+00   1.20751e+00   1.17945e+00   1.13157e+00   1.05615e+00   1.00494e+00   1.05615e+00   1.13157e+00   1.17945e+00   1.20751e+00   1.22518e+00   1.23729e+00   1.24604e+00   1.25225e+00   1.25637e+00   1.25870e+00   1.25952e+00   1.25931e+00   1.25836e+00   1.25621e+00   1.25250e+00   1.24704e+00   1.23968e+00   1.23020e+00   1.21831e+00   1.20364e+00   1.18574e+00   1.16413e+00   1.13847e+00   1.10824e+00   1.07115e+00   1.02347e+00   9.59085e-01   8.65608e-01   7.23192e-01   5.41608e-01
   3.50000e-03   4.91280e-01   6.35693e-01   7.62847e-01   8.58494e-01   9.29162e-01   9.82845e-01   1.02485e+00   1.05869e+00   1.08662e+00   1.10973e+00   1.12871e+00   1.14416e+00   1.15661e+00   1.16650e+00   1.17416e+00   1.17985e+00   1.18379e+00   1.18617e+00   1.18729e+00   1.18736e+00   1.18626e+00   1.18364e+00   1.17924e+00   1.17272e+00   1.16362e+00   1.15104e+00   1.13319e+00   1.10671e+00   1.06721e+00   1.01748e+00   9.90052e-01   1.01748e+00   1.06721e+00   1.10671e+00   1.13319e+00   1.15104e+00   1.16362e+00   1.17272e+00   1.17924e+00   1.18364e+00   1.18626e+00   1.18736e+00   1.18729e+00   1.18617e+00   1.18379e+00   1.17985e+00   1.17416e+00   1.16650e+00   1.15661e+00   1.14416e+00   1.12871e+00   1.10973e+00   1.08662e+00   1.05869e+00   1.02485e+00   9.82845e-01   9.29162e-01   8.58494e-01   7.62847e-01   6.35693e-01   4.91280e-01
   3.00000e-03   4.50996e-01   5.72027e-01   6.85708e-01   7.79259e-01   8.52722e-01   9.10273e-01   9.55851e-01   9.92491e-01   1.02235e+00   1.04677e+00   1.06669e+00   1.08281e+00   1.09575e+00   1.10599e+00   1.11391e+00   1.11980e+00   1.12392e+00   1.12647e+00   1.12767e+00   1.12767e+00   1.12637e+00   1.12354e+00   1.11892e+00   1.11220e+00   1.10290e+00   1.09026e+00   1.07296e+00   1.04910e+00   1.01757e+00   9.83915e-01   9.67702e-01   9.83915e-01   1.01757e+00   1.04910e+00   1.07296e+00   1.09026e+00   1.10290e+00   1.11220e+00   1.11892e+00   1.12354e+00   1.12637e+00   1.12767e+00   1.12767e+00   1.12647e+00   1.12392e+00   1.11980e+00   1.11391e+00   1.10599e+00   1.09575e+00   1.08281e+00   1.06669e+00   1.04677e+00   1.02235e+00   9.92491e-01   9.55851e-01   9.10273e-01   8.52722e-01   7.79259e-01   6.85708e-01   5.72027e-01   4.50996e-01
   2.50000e-03   4.19161e-01   5.24629e-01   6.27622e-01   7.17619e-01   7.91801e-01   8.51641e-01   8.99711e-01   9.38464e-01   9.69885e-01   9.95415e-01   1.01611e+00   1.03280e+00   1.04614e+00   1.05668e+00   1.06482e+00   1.07088e+00   1.07514e+00   1.07781e+00   1.07907e+00   1.07901e+00   1.07758e+00   1.07460e+00   1.06982e+00   1.06297e+00   1.05361e+00   1.04117e+00   1.02481e+00   1.00375e+00   9.78640e-01   9.54956e-01   9.44547e-01   9.54956e-01   9.78640e-01   1.00375e+00   1.02481e+00   1.04117e+00   1.05361e+00   1.06297e+00   1.06982e+00   1.07460e+00   1.07758e+00   1.07901e+00   1.07907e+00   1.07781e+00   1.07514e+00   1.07088e+00   1.06482e+00   1.05668e+00   1.04614e+00   1.03280e+00   1.01611e+00   9.95415e-01   9.69885e-01   9.38464e-01   8.99711e-01   8.51641e-01   7.91801e-01   7.17619e-01   6.27622e-01   5.24629e-01   4.19161e-01
   2.00000e-03   3.94532e-01   4.89370e-01   5.84277e-01   6.70630e-01   7.44465e-01   8.05531e-01   8.55266e-01   8.95563e-01   9.28195e-01   9.54610e-01   9.75943e-01   9.93089e-01   1.00676e+00   1.01754e+00   1.02585e+00   1.03206e+00   1.03643e+00   1.03918e+00   1.04047e+00   1.04038e+00   1.03886e+00   1.03576e+00   1.03089e+00   1.02396e+00   1.01464e+00   1.00253e+00   9.87203e-01   9.68648e-01   9.48321e-01   9.30852e-01   9.23656e-01   9.30852e-01   9.48321e-01   9.68648e-01   9.87203e-01   1.00253e+00   1.01464e+00   1.02396e+00   1.03089e+00   1.03576e+00   1.03886e+00   1.04038e+00   1.04047e+00   1.03918e+00   1.03643e+00   1.03206e+00   1.02585e+00   1.01754e+00   1.00676e+00   9.93089e-01   9.75943e-01   9.54610e-01   9.28195e-01   8.95563e-01   8.55266e-01   8.05531e-01   7.44465e-01   6.70630e-01   5.84277e-01   4.89370e-01   3.94532e-01
   1.50000e-03   3.76201e-01   4.63805e-01   5.52855e-01   6.36094e-01   7.09176e-01   7.70813e-01   8.21610e-01   8.62985e-01   8.96509e-01   9.23597e-01   9.45419e-01   9.62918e-01   9.76848e-01   9.87805e-01   9.96257e-01   1.00257e+00   1.00702e+00   1.00983e+00   1.01114e+00   1.01103e+00   1.00945e+00   1.00628e+00   1.00133e+00   9.94380e-01   9.85148e-01   9.73386e-01   9.58998e-01   9.42446e-01   9.25483e-01   9.11883e-01   9.06534e-01   9.11883e-01   9.25483e-01   9.42446e-01   9.58998e-01   9.73386e-01   9.85148e-01   9.94380e-01   1.00133e+00   1.00628e+00   1.00945e+00   1.01103e+00   1.01114e+00   1.00983e+00   1.00702e+00   1.00257e+00   9.96257e-01   9.87805e-01   9.76848e-01   9.62918e-01   9.45419e-01   9.23597e-01   8.96509e-01   8.62985e-01   8.21610e-01   7.70813e-01   7.09176e-01   6.36094e-01   5.52855e-01   4.63805e-01   3.76201e-01
   1.00000e-03   3.63526e-01   4.46429e-01   5.31524e-01   6.12446e-01   6.84770e-01   7.46623e-01   7.98055e-01   8.40131e-01   8.74263e-01   9.01820e-01   9.23988e-01   9.41737e-01   9.55847e-01   9.66935e-01   9.75484e-01   9.81869e-01   9.86378e-01   9.89226e-01   9.90554e-01   9.90423e-01   9.88803e-01   9.85587e-01   9.80604e-01   9.73646e-01   9.64504e-01   9.53043e-01   9.39386e-01   9.24265e-01   9.09504e-01   8.98237e-01   8.93945e-01   8.98237e-01   9.09504e-01   9.24265e-01   9.39386e-01   9.53043e-01   9.64504e-01   9.73646e-01   9.80604e-01   9.85587e-01   9.88803e-01   9.90423e-01   9.90554e-01   9.89226e-01   9.86378e-01   9.81869e-01   9.75484e-01   9.66935e-01   9.55847e-01   9.41737e-01   9.23988e-01   9.01820e-01   8.74263e-01   8.40131e-01   7.98055e-01   7.46623e-01   6.84770e-01   6.12446e-01   5.31524e-01   4.46429e-01   3.63526e-01
   5.00000e-04   3.56083e-01   4.36331e-01   5.19142e-01   5.98651e-01   6.70442e-01   7.32352e-01   7.84114e-01   8.26584e-01   8.61067e-01   8.88901e-01   9.11274e-01   9.29173e-01   9.43391e-01   9.54557e-01   9.63164e-01   9.69592e-01   9.74135e-01   9.77004e-01   9.78340e-01   9.78201e-01   9.76560e-01   9.73318e-01   9.68315e-01   9.61361e-01   9.52284e-01   9.41024e-01   9.27825e-01   9.13554e-01   9.00035e-01   8.90017e-01   8.86273e-01   8.90017e-01   9.00035e-01   9.13554e-01   9.27825e-01   9.41024e-01   9.52284e-01   9.61361e-01   9.68314e-01   9.73318e-01   9.76560e-01   9.78201e-01   9.78340e-01   9.77004e-01   9.74135e-01   9.69592e-01   9.63164e-01   9.54557e-01   9.43391e-01   9.29173e-01   9.11274e-01   8.88901e-01   8.61067e-01   8.26585e-01   7.84114e-01   7.32352e-01   6.70442e-01   5.98651e-01   5.19142e-01   4.36331e-01   3.56083e-01
   0.00000e+00   3.53628e-01   4.33017e-01   5.15081e-01   5.94116e-01   6.65718e-01   7.27635e-01   7.79499e-01   8.22096e-01   8.56694e-01   8.84619e-01   9.07061e-01   9.25009e-01   9.39263e-01   9.50455e-01   9.59081e-01   9.65524e-01   9.70077e-01   9.72954e-01   9.74292e-01   9.74150e-01   9.72503e-01   9.69252e-01   9.64243e-01   9.57292e-01   9.48239e-01   9.37048e-01   9.24004e-01   9.10016e-01   8.96897e-01   8.87272e-01   8.83699e-01   8.87272e-01   8.96897e-01   9.10016e-01   9.24004e-01   9.37048e-01   9.48239e-01   9.57292e-01   9.64243e-01   9.69252e-01   9.72503e-01   9.74150e-01   9.74292e-01   9.72954e-01   9.70077e-01   9.65524e-01   9.59081e-01   9.50455e-01   9.39263e-01   9.25009e-01   9.07061e-01   8.84619e-01   8.56694e-01   8.22096e-01   7.79499e-01   7.27635e-01   6.65718e-01   5.94116e-01   5.15081e-01   4.33017e-01   3.53628e-01
  -5.00000e-04   3.56083e-01   4.36331e-01   5.19142e-01   5.98651e-01   6.70442e-01   7.32352e-01   7.84114e-01   8.26584e-01   8.61067e-01   8.88901e-01   9.11274e-01   9.29173e-01   9.43391e-01   9.54557e-01   9.63164e-01   9.69592e-01   9.74135e-01   9.77004e-01   9.78340e-01   9.78201e-01   9.76560e-01   9.73318e-01   9.68315e-01   9.61361e-01   9.52284e-01   9.41024e-01   9.27825e-01   9.13554e-01   9.00035e-01   8.90017e-01   8.86273e-01   8.90017e-01   9.00035e-01   9.13554e-01   9.27825e-01   9.41024e-01   9.52284e-01   9.61361e-01   9.68314e-01   9.73318e-01   9.76560e-01   9.78201e-01   9.78340e-01   9.77004e-01   9.74135e-01   9.69592e-01   9.63164e-01   9.54557e-01   9.43391e-01   9.29173e-01   9.11274e-01   8.88901e-01   8.61067e-01   8.26585e-01   7.84114e-01   7.32352e-01   6.70442e-01   5.98651e-01   5.19142e-01   4.36331e-01   3.56083e-01
  -1.00000e-03   3.63526e-01   4.46429e-01   5.31524e-01   6.12446e-01   6.84770e-01   7.46623e-01   7.98055e-01   8.40131e-01   8.74263e-01   9.01820e-01   9.23988e-01   9.41737e-01   9.55847e-01   9.66935e-01   9.75484e-01   9.81869e-01   9.86378e-01   9.89226e-01   9.90554e-01   9.90423e-01   9.88803e-01   9.85587e-01   9.80604e-01   9.73646e-01   9.64504e-01   9.53043e-01   9.39386e-01   9.24265e-01   9.09504e-01   8.98237e-01   8.93945e-01   8.98237e-01   9.09504e-01   9.24265e-01   9.39386e-01   9.53043e-01   9.64504e-01   9.73646e-01   9.80604e-01   9.85587e-01   9.88803e-01   9.90423e-01   9.90554e-01   9.89226e-01   9.86378e-01   9.81869e-01   9.75484e-01   9.66935e-01   9.55847e-01   9.41737e-01   9.23988e-01   9.01820e-01   8.74263e-01   8.40131e-01   7.98055e-01   7.46623e-01   6.84770e-01   6.12446e-01   5.31524e-01   4.46429e-01   3.63526e-01
  -1.50000e-03   3.76201e-01   4.63805e-01   5.52855e-01   6.36094e-01   7.09176e-01   7.70813e-01   8.21610e-01   8.62985e-01   8.96509e-01   9.23597e-01   9.45419e-01   9.62918e-01   9.76848e-01   9.87805e-01   9.96257e-01   1.00257e+00   1.00702e+00   1.00983e+00   1.01114e+00   1.01103e+00   1.00945e+00   1.00628e+00   1.00133e+00   9.94380e-01   9.85148e-01   9.73386e-01   9.58998e-01   9.42446e-01   9.25483e-01   9.11883e-01   9.06534e-01   9.11883e-01   9.25483e-01   9.42446e-01   9.58998e-01   9.73386e-01   9.85148e-01   9.94380e-01   1.00133e+00   1.00628e+00   1.00945e+00   1.01103e+00   1.01114e+00   1.00983e+00   1.00702e+00   1.00257e+00   9.96257e-01   9.87805e-01   9.76848e-01   9.62918e-01   9.45419e-01   9.23597e-01   8.96509e-01   8.62985e-01   8.21610e-01   7.70813e-01   7.09176e-01   6.36094e-01   5.52855e-01   4.63805e-01   3.76201e-01
  -2.00000e-03   3.94532e-01   4.89370e-01   5.84277e-01   6.70630e-01   7.44465e-01   8.05531e-01   8.55266e-01   8.95563e-01   9.28195e-01   9.54610e-01   9.75943e-01   9.93089e-01   1.00676e+00   1.01754e+00   1.02585e+00   1.03206e+00   1.03643e+00   1.03918e+00   1.04047e+00   1.04038e+00   1.03886e+00   1.03576e+00   1.03089e+00   1.02396e+00   1.01464e+00   1.00253e+00   9.87203e-01   9.68648e-01   9.48321e-01   9.30852e-01   9.23656e-01   9.30852e-01   9.48321e-01   9.68648e-01   9.87203e-01   1.00253e+00   1.01464e+00   1.02396e+00   1.03089e+00   1.03576e+00   1.03886e+00   1.04038e+00   1.04047e+00   1.03918e+00   1.03643e+00   1.03206e+00   1.02585e+00   1.01754e+00   1.00676e+00   9.93089e-01   9.75943e-01   9.54610e-01   9.28195e-01   8.95563e-01   8.55266e-01   8.05531e-01   7.44465e-01   6.70630e-01   5.84277e-01   4.89370e-01   3.94532e-01
  -2.50000e-03   4.19161e-01   5.24629e-01   6.27622e-01   7.17619e-01   7.91801e-01   8.51641e-01   8.99711e-01   9.38464e-01   9.69885e-01   9.95415e-01   1.01611e+00   1.03280e+00   1.04614e+00   1.05668e+00   1.06482e+00   1.07088e+00   1.07514e+00   1.07781e+00   1.07907e+00   1.07901e+00   1.07758e+00   1.07460e+00   1.06982e+00   1.06297e+00   1.05361e+00   1.04117e+00   1.02481e+00   1.00375e+00   9.78640e-01   9.54956e-01   9.44547e-01   9.54956e-01   9.78640e-01   1.00375e+00   1.02481e+00   1.04117e+00   1.05361e+00   1.06297e+00   1.06982e+00   1.07460e+00   1.07758e+00   1.07901e+00   1.07907e+00   1.07781e+00   1.07514e+00   1.07088e+00   1.06482e+00   1.05668e+00   1.04614e+00   1.03280e+00   1.01611e+00   9.95415e-01   9.69885e-01   9.38464e-01   8.99711e-01   8.51641e-01   7.91801e-01   7.17619e-01   6.27622e-01   5.24629e-01   4.19161e-01
  -3.00000e-03   4.50996e-01   5.72027e-01   6.85708e-01   7.79259e-01   8.52722e-01   9.10273e-01   9.55851e-01   9.92491e-01   1.02235e+00   1.04677e+00   1.06669e+00   1.08281e+00   1.09575e+00   1.10599e+00   1.11391e+00   1.11980e+00   1.12392e+00   1.12647e+00   1.12767e+00   1.12767e+00   1.12637e+00   1.12354e+00   1.11892e+00   1.11220e+00   1.10290e+00   1.09026e+00   1.07296e+00   1.04910e+00   1.01757e+00   9.83915e-01   9.67702e-01   9.83915e-01   1.01757e+00   1.04910e+00   1.07296e+00   1.09026e+00   1.10290e+00   1.11220e+00   1.11892e+00   1.12354e+00   1.12637e+00   1.12767e+00   1.12767e+00   1.12647e+00   1.12392e+00   1.11980e+00   1.11391e+00   1.10599e+00   1.09575e+00   1.08281e+00   1.06669e+00   1.04677e+00   1.02235e+00   9.92491e-01   9.55851e-01   9.10273e-01   8.52722e-01   7.79259e-01   6.85708e-01   5.72027e-01   4.50996e-01
  -3.50000e-03   4.91280e-01   6.35693e-01   7.62847e-01   8.58494e-01   9.29162e-01   9.82845e-01   1.02485e+00   1.05869e+00   1.08662e+00   1.10973e+00   1.12871e+00   1.14416e+00   1.15661e+00   1.16650e+00   1.17416e+00   1.17985e+00   1.18379e+00   1.18617e+00   1.18729e+00   1.18736e+00   1.18626e+00   1.18364e+00   1.17924e+00   1.17272e+00   1.16362e+00   1.15104e+00   1.13319e+00   1.10671e+00   1.06721e+00   1.01748e+00   9.90052e-01   1.01748e+00   1.06721e+00   1.10671e+00   1.13319e+00   1.15104e+00   1.16362e+00   1.17272e+00   1.17924e+00   1.18364e+00   1.18626e+00   1.18736e+00   1.18729e+00   1.18617e+00   1.18379e+00   1.17985e+00   1.17416e+00   1.16650e+00   1.15661e+00   1.14416e+00   1.12871e+00   1.10973e+00   1.08662e+00   1.05869e+00   1.02485e+00   9.82845e-01   9.29162e-01   8.58494e-01   7.62847e-01   6.35693e-01   4.91280e-01
  -4.00000e-03   5.41608e-01   7.23192e-01   8.65608e-01   9.59085e-01   1.02347e+00   1.07115e+00   1.10824e+00   1.13847e+00   1.16413e+00   1.18574e+00   1.20364e+00   1.21831e+00   1.23020e+00   1.23968e+00   1.24704e+00   1.25250e+00   1.25621e+00   1.25836e+00   1.25931e+00   1.25952e+00   1.25870e+00   1.25637e+00   1.25225e+00   1.24604e+00   1.23729e+00   1.22518e+00   1.20751e+00   1.17945e+00   1.13157e+00   1.05615e+00   1.00494e+00   1.05615e+00   1.13157e+00   1.17945e+00   1.20751e+00   1.22518e+00   1.23729e+00   1.24604e+00   1.25225e+00   1.25637e+00   1.25870e+00   1.25952e+00   1.25931e+00   1.25836e+00   1.25621e+00   1.25250e+00   1.24704e+00   1.23968e+00   1.23020e+00   1.21831e+00   1.20364e+00   1.18574e+00   1.16413e+00   1.13847e+00   1.10824e+00   1.07115e+00   1.02347e+00   9.59085e-01   8.65608e-01   7.23192e-01   5.41608e-01
  -4.50000e-03   6.03512e-01   8.50302e-01   1.00377e+00   1.08564e+00   1.13862e+00   1.17766e+00   1.20828e+00   1.23394e+00   1.25712e+00   1.27710e+00   1.29378e+00   1.30755e+00   1.31880e+00   1.32782e+00   1.33484e+00   1.34004e+00   1.34350e+00   1.34532e+00   1.34594e+00   1.34640e+00   1.34602e+00   1.34404e+00   1.34026e+00   1.33447e+00   1.32625e+00   1.31509e+00   1.29875e+00   1.27136e+00   1.21809e+00   1.10472e+00   9.96464e-01   1.10472e+00   1.21809e+00   1.27136e+00   1.29875e+00   1.31509e+00   1.32625e+00   1.33447e+00   1.34026e+00   1.34404e+00   1.34602e+00   1.34640e+00   1.34594e+00   1.34532e+00   1.34350e+00   1.34004e+00   1.33484e+00   1.32782e+00   1.31880e+00   1.30755e+00   1.29378e+00   1.27710e+00   1.25712e+00   1.23394e+00   1.20828e+00   1.17766e+00   1.13862e+00   1.08564e+00   1.00377e+00   8.50303e-01   6.03512e-01
  -5.00000e-03   6.74777e-01   1.05697e+00   1.19133e+00   1.24480e+00   1.28004e+00   1.30765e+00   1.33014e+00   1.34989e+00   1.37089e+00   1.38914e+00   1.40444e+00   1.41721e+00   1.42775e+00   1.43627e+00   1.44293e+00   1.44784e+00   1.45104e+00   1.45244e+00   1.45228e+00   1.45335e+00   1.45360e+00   1.45201e+00   1.44866e+00   1.44337e+00   1.43578e+00   1.42615e+00   1.41256e+00   1.38929e+00   1.34029e+00   1.18871e+00   9.21265e-01   1.18871e+00   1.34029e+00   1.38929e+00   1.41256e+00   1.42615e+00   1.43578e+00   1.44337e+00   1.44866e+00   1.45201e+00   1.45360e+00   1.45335e+00   1.45228e+00   1.45244e+00   1.45104e+00   1.44784e+00   1.44293e+00   1.43627e+00   1.42775e+00   1.41721e+00   1.40444e+00   1.38914e+00   1.37089e+00   1.34989e+00   1.33014e+00   1.30765e+00   1.28004e+00   1.24480e+00   1.19133e+00   1.05697e+00   6.74777e-01
  -5.50000e-03   7.20018e-01   1.46625e+00   1.46140e+00   1.46589e+00   1.47757e+00   1.49155e+00   1.50479e+00   1.51570e+00   1.53665e+00   1.55307e+00   1.56694e+00   1.57871e+00   1.58855e+00   1.59659e+00   1.60291e+00   1.60757e+00   1.61054e+00   1.61156e+00   1.60916e+00   1.61223e+00   1.61319e+00   1.61199e+00   1.60907e+00   1.60438e+00   1.59736e+00   1.58981e+00   1.58028e+00   1.56468e+00   1.53564e+00   1.43065e+00   6.65076e-01   1.43065e+00   1.53564e+00   1.56468e+00   1.58028e+00   1.58981e+00   1.59736e+00   1.60438e+00   1.60907e+00   1.61199e+00   1.61319e+00   1.61223e+00   1.60916e+00   1.61156e+00   1.61054e+00   1.60757e+00   1.60291e+00   1.59659e+00   1.58855e+00   1.57871e+00   1.56694e+00   1.55307e+00   1.53665e+00   1.51570e+00   1.50479e+00   1.49155e+00   1.47757e+00   1.46589e+00   1.46140e+00   1.46625e+00   7.20018e-01
  -6.00000e-03   6.15744e-01   1.70863e+00   1.42403e+00   1.35600e+00   1.33285e+00   1.32653e+00   1.32688e+00   1.32764e+00   1.34220e+00   1.35399e+00   1.36443e+00   1.37359e+00   1.38144e+00   1.38796e+00   1.39314e+00   1.39698e+00   1.39940e+00   1.40013e+00   1.39774e+00   1.40071e+00   1.40182e+00   1.40110e+00   1.39905e+00   1.39570e+00   1.39077e+00   1.38675e+00   1.38305e+00   1.37986e+00   1.38565e+00   1.48796e+00   2.80814e-01   1.48796e+00   1.38564e+00   1.37986e+00   1.38305e+00   1.38675e+00   1.39076e+00   1.39570e+00   1.39904e+00   1.40110e+00   1.40181e+00   1.40070e+00   1.39774e+00   1.40012e+00   1.39940e+00   1.39698e+00   1.39314e+00   1.38796e+00   1.38144e+00   1.37359e+00   1.36443e+00   1.35399e+00   1.34220e+00   1.32764e+00   1.32688e+00   1.32653e+00   1.33285e+00   1.35601e+00   1.42403e+00   1.70863e+00   6.15744e-01
  -6.50000e-03   4.84407e-01   1.83321e+00   1.49514e+00   1.37696e+00   1.32696e+00   1.30511e+00   1.29644e+00   1.29386e+00   1.30063e+00   1.30867e+00   1.31655e+00   1.32385e+00   1.33031e+00   1.33579e+00   1.34022e+00   1.34353e+00   1.34564e+00   1.34642e+00   1.34603e+00   1.34733e+00   1.34815e+00   1.34775e+00   1.34634e+00   1.34410e+00   1.34126e+00   1.33996e+00   1.34055e+00   1.34703e+00   1.37650e+00   1.51859e+00   1.35717e-01   1.51858e+00   1.37649e+00   1.34703e+00   1.34054e+00   1.33995e+00   1.34126e+00   1.34410e+00   1.34634e+00   1.34774e+00   1.34815e+00   1.34733e+00   1.34602e+00   1.34642e+00   1.34564e+00   1.34353e+00   1.34022e+00   1.33579e+00   1.33031e+00   1.32385e+00   1.31655e+00   1.30867e+00   1.30063e+00   1.29386e+00   1.29644e+00   1.30512e+00   1.32696e+00   1.37696e+00   1.49514e+00   1.83321e+00   4.84407e-01
  -7.00000e-03   4.12479e-01   1.88715e+00   1.57201e+00   1.42476e+00   1.35404e+00   1.31943e+00   1.30318e+00   1.29601e+00   1.29778e+00   1.30251e+00   1.30815e+00   1.31383e+00   1.31910e+00   1.32370e+00   1.32747e+00   1.33034e+00   1.33224e+00   1.33313e+00   1.33341e+00   1.33428e+00   1.33485e+00   1.33467e+00   1.33382e+00   1.33256e+00   1.33142e+00   1.33239e+00   1.33641e+00   1.34920e+00   1.38709e+00   1.49261e+00   8.71692e-02   1.49261e+00   1.38709e+00   1.34920e+00   1.33641e+00   1.33238e+00   1.33142e+00   1.33256e+00   1.33382e+00   1.33466e+00   1.33484e+00   1.33428e+00   1.33340e+00   1.33313e+00   1.33223e+00   1.33034e+00   1.32747e+00   1.32370e+00   1.31910e+00   1.31383e+00   1.30815e+00   1.30251e+00   1.29778e+00   1.29601e+00   1.30318e+00   1.31943e+00   1.35404e+00   1.42476e+00   1.57201e+00   1.88715e+00   4.12479e-01
  -7.50000e-03   3.71587e-01   1.91953e+00   1.62574e+00   1.46409e+00   1.37916e+00   1.33492e+00   1.31254e+00   1.30121e+00   1.29921e+00   1.30113e+00   1.30476e+00   1.30897e+00   1.31314e+00   1.31692e+00   1.32010e+00   1.32257e+00   1.32426e+00   1.32522e+00   1.32575e+00   1.32649e+00   1.32693e+00   1.32695e+00   1.32659e+00   1.32618e+00   1.32637e+00   1.32910e+00   1.33550e+00   1.35118e+00   1.38735e+00   1.45772e+00   6.18324e-02   1.45772e+00   1.38735e+00   1.35117e+00   1.33549e+00   1.32909e+00   1.32636e+00   1.32618e+00   1.32659e+00   1.32694e+00   1.32693e+00   1.32649e+00   1.32574e+00   1.32522e+00   1.32426e+00   1.32257e+00   1.32010e+00   1.31692e+00   1.31314e+00   1.30897e+00   1.30477e+00   1.30113e+00   1.29921e+00   1.30121e+00   1.31254e+00   1.33492e+00   1.37916e+00   1.46409e+00   1.62575e+00   1.91953e+00   3.71587e-01
